Vertex_ID	X	Y	Z
0	-1.825810432	-1.687817574	12.52387047
1	-2.251408577	-2.713670492	12.21563625
2	-0.611650229	0.498611242	13.8481741
3	-0.828553617	-0.396221817	14.52641582
4	-1.894361854	-0.842687309	12.36738586
5	-2.63476944	-1.640751362	12.06963158
6	0.00014646	0.643457651	14.08670902
7	-0.000498589	-0.16601859	14.92429256
8	-2.746209621	-3.563331366	11.92605877
9	-3.363418102	-2.501109838	11.6825819
10	-3.418911695	-4.346874237	11.4618082
11	-4.144136906	-3.491965771	11.07674694
12	-3.866227388	-5.082379818	10.92420864
13	-4.650995255	-4.592564106	10.30487347
14	-4.691978931	-5.772648335	9.702235222
15	-3.898017406	-5.83450079	10.53543377
16	-3.590122938	-6.740712166	10.48962688
17	-4.35395956	-7.240488052	9.471671104
18	-2.933342218	-7.75357914	10.90661144
19	-3.539299726	-8.601029396	9.899757385
20	-1.134111285	-8.679145813	12.30706692
21	-1.368693709	-9.962356567	11.91556549
22	0.000172268	-8.605989456	12.52693939
23	0.100731403	-10.06203365	12.07164001
24	-1.031707644	-6.841620445	12.21061325
25	-0.000112935	-6.857386112	12.25260258
26	-2.18859148	-6.488116264	11.88176441
27	-2.637377977	-6.152018547	11.46578503
28	-2.869258165	-5.890555382	11.40423393
29	-2.872680664	-5.640678883	11.5824461
30	-2.616396427	-5.304262638	11.93316269
31	-2.143774271	-4.900424004	12.31427002
32	-2.333939791	-5.589276791	12.05459881
33	-2.564691782	-5.782897949	11.65525341
34	-2.574998379	-5.899975777	11.50836754
35	-2.385238647	-6.005470753	11.65280533
36	-1.014046431	-6.465105534	12.5691843
37	-0.000112935	-6.508045197	12.66670227
38	-1.98463881	-6.158653736	12.08282471
39	-1.489170909	-4.435348988	12.70655441
40	-1.406787157	-4.982245922	12.94898701
41	-0.693705976	-4.637041092	13.37557888
42	-0.713459134	-4.157047272	13.29595566
43	0.000159171	-3.960777998	13.36642933
44	-0.000900064	-4.495626926	13.38410854
45	-1.306184053	-10.6196146	10.86317158
46	0.054919664	-10.71563721	10.93649673
47	-4.264162064	-8.893122673	8.087974548
48	-5.228878975	-7.29622221	8.07331562
49	-5.655950069	-5.392475605	8.596146584
50	-5.679981709	-4.008346081	9.371034622
51	-5.301746845	-2.392679453	10.37904263
52	-4.065873146	-1.563210726	11.38999462
53	-3.131222725	-0.861988902	11.77358532
54	-2.175608397	-0.116167173	11.98586464
55	-0.656978548	1.224959135	13.09019852
56	-0.002690577	1.2894454	13.34805012
57	-1.939612389	-5.301536083	12.4908638
58	-1.412148714	-3.215384245	12.63985634
59	-1.126464725	-3.362027884	12.87358475
60	-1.475605488	-2.82698822	13.10943508
61	-0.829486847	-3.02330637	13.20415878
62	-1.62891984	-1.044321656	13.11431789
63	-1.370267868	-0.306565315	12.64133167
64	-1.519151688	0.38532567	12.24240589
65	-1.11910212	-2.130919456	14.63769722
66	0.000496502	-3.033430099	13.8822155
67	-0.643007159	-2.323726416	14.70159626
68	9.37E-05	-2.488401175	15.0273037
69	0.000304991	-3.292640686	13.63192368
70	-0.532893062	-3.360789537	13.34183502
71	0.000239563	-2.840964794	14.30288696
72	-0.429625928	-2.56709671	14.10480499
73	-1.071643233	0.85626471	12.69232559
74	-0.977342606	0.130274177	13.22378159
75	-1.175023317	-0.598745644	13.77092552
76	-1.607412696	-2.302002907	13.95964527
77	-0.000149832	-7.235555172	12.03745747
78	-0.987812936	-7.299775124	11.95056629
79	-2.441030741	-6.915903091	11.52633667
80	-3.015651226	-6.304366112	11.15067673
81	-3.3066926	-5.858150005	11.1137352
82	-3.309537649	-5.415384293	11.33958149
83	-2.984330177	-4.876371384	11.70247269
84	-2.449354172	-4.262148857	12.06837845
85	-1.971466064	-3.594645739	12.32601357
86	-1.744864464	-2.616250038	12.52390099
87	-2.023014784	-1.980216503	13.16432762
88	-1.759188294	-1.620622754	14.06825542
89	-1.279548407	-1.531277895	14.7290535
90	-0.764145851	-1.780325532	15.32712841
91	-0.000377555	-1.855574131	15.65328026
92	-0.676638365	-1.027399182	15.29412937
93	-0.000416415	-1.036590099	15.6230545
94	-0.746820986	-1.938447595	13.82992649
95	-0.509148002	-1.77759099	14.22158241
96	-0.940266013	-2.067380667	13.17729092
97	-1.245727897	-2.081748247	13.23718739
98	-0.771120131	-1.674391747	14.25482464
99	-1.124596357	-1.905805588	13.8838377
100	-0.779604852	-5.361132622	12.60211182
101	0.001473623	-5.31085062	12.62581253
102	-1.65864408	-5.595371246	12.14075565
103	-0.000789374	-5.361405849	12.77796173
104	-0.673735976	-5.327071667	12.77242756
105	-1.217162848	-5.493921757	12.58603764
106	-1.688382983	-5.643245697	12.29193401
107	-2.072686434	-5.756980419	11.91521931
108	-2.375239611	-5.814478397	11.52515602
109	-2.368302822	-5.865020275	11.48365402
110	-2.059821844	-5.757858753	11.7905302
111	-2.756769657	-10.11636543	9.664640427
112	-2.52430892	-9.442993164	11.03667831
113	-2.105708838	-8.425523758	11.45590878
114	-1.801095128	-7.252455235	11.74754047
115	-1.668630838	-6.751386642	12.10790539
116	-1.552652121	-6.346512318	12.36658478
117	-1.282002568	-5.472520828	12.40119743
118	0.000329825	-6.015387535	12.98780823
119	-1.000357866	-6.027702808	12.83287334
120	-1.476312876	-5.960267067	12.56807423
121	-1.850629926	-5.882402897	12.23582363
122	-2.235118151	-5.864556789	11.80150795
123	-2.415383101	-5.88705349	11.58383465
124	-2.400206089	-5.861249447	11.69145584
125	-2.173672915	-5.763841629	12.10811996
126	-1.846891165	-5.554596424	12.56106663
127	-1.364466786	-5.308498383	12.98818493
128	-0.710140705	-4.991240025	13.30835533
129	0.001313737	-4.911858082	13.42422485
130	-0.936550558	-11.19003868	6.977673054
131	-0.031856682	-11.21338844	6.853570461
132	-1.13861537	-10.91307449	8.829351425
133	-0.000192055	-10.93341351	8.708268166
134	-5.814570427	-7.40945673	6.058947086
135	-6.122197151	-6.458447933	6.592916489
136	-7.270269394	-5.338062286	4.920981884
137	-7.068589687	-6.048768044	4.202283382
138	-7.9150033	-4.426870823	2.198550701
139	-8.057048798	-4.164185047	3.457143068
140	-8.558053017	-1.949072242	2.630269527
141	-8.416557312	-2.606800556	3.974306822
142	-8.464929581	-1.697153687	1.401026368
143	-7.475279808	-4.677881718	1.377402544
144	-6.677836418	-6.495388031	3.595853806
145	-5.351362228	-7.901535034	5.351545811
146	-3.805820704	-9.365119934	7.205495834
147	-2.442242384	-10.56596947	8.341085434
148	-2.080328941	-10.76214981	6.898354053
149	-8.111340523	-1.978848934	0.600579083
150	-6.97073555	-4.898030758	0.493987769
151	-6.425100327	-6.868709564	2.675758839
152	-5.056854725	-8.24156189	4.438073158
153	-3.363377094	-9.812366486	6.154955864
154	-7.602250576	-3.714834213	5.614306927
155	-6.519494534	-4.718401432	7.276019096
156	-8.653092384	3.082851648	1.574430704
157	-8.597985268	3.028608799	3.511968851
158	-8.878656387	0.197865874	1.786367536
159	-8.698595047	-0.117097437	2.923297167
160	-8.50699234	-0.883255601	4.400491238
161	-7.82783699	-1.970001817	6.153409481
162	-6.789951324	-3.091988802	7.957391739
163	-5.326189518	2.38783741	10.35417366
164	-5.307619095	2.3002913	10.26183319
165	-5.667737961	2.147935152	10.09584332
166	-5.788479328	2.411886454	10.10850525
167	-5.464464188	1.816101193	10.36969852
168	-5.213249683	2.15740037	10.50404739
169	-5.36882782	2.732280731	10.55854607
170	-5.098316193	2.545229435	10.66229153
171	-2.434531689	2.064731121	10.46718311
172	-2.400021076	2.207189083	10.43508244
173	-2.017261028	2.270971298	10.56701279
174	-2.090802431	1.982722044	10.66824532
175	-2.568915844	1.713609457	10.87227154
176	-2.839534521	2.0427773	10.8324604
177	-3.218096256	1.453365088	11.02602005
178	-3.341218472	1.886237264	11.01614475
179	-3.875650406	1.263434649	11.01689529
180	-3.881480217	1.766729474	11.08733749
181	-5.057057381	1.430935621	10.67323112
182	-4.926742077	1.936604857	10.80730057
183	-2.765720367	2.486503839	10.80110359
184	-2.554841995	2.805917025	10.8154583
185	-3.305454254	2.767314434	11.09409332
186	-3.195412397	3.177100897	11.15706825
187	-3.793294191	2.84918046	11.2367239
188	-3.784803867	3.296324015	11.30023575
189	-4.716858387	2.724871874	10.99799824
190	-4.919478893	3.055614233	11.08937168
191	-4.456381798	3.260452986	11.24528122
192	-4.368312359	2.827439785	11.18407726
193	-4.464035988	1.797127366	11.02361965
194	-4.522258282	1.251054883	10.90994453
195	-4.412088871	3.095505476	11.23441696
196	-4.839605808	2.951809406	11.05034542
197	-5.253709316	2.666095018	10.62287331
198	-5.54067421	2.403372288	10.2828064
199	-5.46999979	2.222689629	10.21417904
200	-5.321540833	1.983733535	10.48312473
201	-5.010173321	1.710241437	10.7913599
202	-4.50680685	1.545559406	11.01658058
203	-3.886453629	1.544429183	11.07284164
204	-3.306411505	1.683270216	11.06060123
205	-2.760727644	1.888290882	10.89921951
206	-2.296199083	2.029814482	10.53492546
207	-2.254058838	2.2164011	10.57867241
208	-2.641186714	2.675704956	10.82054615
209	-3.224782944	3.032623053	11.1611805
210	-3.783064604	3.134523869	11.27936459
211	-1.135800481	2.567337751	11.44179821
212	-1.200428963	1.714816093	11.8477335
213	-1.84485507	3.571488857	11.65293026
214	-2.744705677	4.155566216	11.82474709
215	-3.80325985	4.495883465	11.81190395
216	-4.909033298	4.611594677	11.52008629
217	-6.006245613	4.284533024	10.74028873
218	-6.724275589	3.713654757	9.726969719
219	-7.181863308	2.851527929	8.410562515
220	-7.405204773	1.381613493	7.899414063
221	-6.61625433	-0.00371974	9.387220383
222	-5.526099205	-0.645616412	10.49538898
223	-4.430802822	-0.51144582	11.14680767
224	-3.50751853	-0.15311718	11.44800758
225	-2.510068893	0.461768776	11.59161568
226	-6.349525928	1.919752598	9.531370163
227	-6.022808075	1.246001363	10.05822182
228	-5.350998878	0.736189783	10.65192032
229	-4.569639206	0.579466343	11.0070591
230	-3.780090332	0.679137051	11.14560318
231	-2.919932127	1.041917682	11.12746239
232	-2.104253531	1.433268666	11.09175777
233	-1.585740328	1.828665733	10.90316677
234	-1.506026268	2.421473026	10.79443264
235	-2.206135273	3.196238041	11.21970272
236	-3.012780905	3.64208293	11.51047897
237	-3.816893101	3.844250917	11.62090111
238	-4.731800556	3.907288313	11.51810646
239	-5.52464962	3.591718912	11.10059166
240	-6.112149239	3.065072536	10.35099506
241	-6.451210976	2.482466936	9.630262375
242	-6.828085899	-1.514675975	8.740889549
243	-7.860199451	-0.332579702	6.799172401
244	-8.264585495	2.442891121	5.401657581
245	-7.958974838	3.712360382	6.586436749
246	-8.447321892	0.706667721	4.785194874
247	-8.784891129	1.667077065	1.784336805
248	-8.61866951	1.26786077	3.102237463
249	-8.503386497	4.786720276	4.659584522
250	-8.955421448	5.700003147	2.842529774
251	-1.783054471	0.990566492	11.70860863
252	-0.785150647	1.933246851	12.36701965
253	0.00029014	2.089829206	12.59444523
254	-0.000165478	2.819649696	12.0471983
255	-0.825440884	2.70649147	11.85605717
256	-1.061085105	3.909368992	11.93061638
257	-0.000141948	3.956818581	12.00811195
258	-7.240636349	4.704503059	8.543988228
259	-6.381322384	5.347538948	10.10725212
260	-4.95146656	5.624646187	11.20427799
261	-3.542015791	5.609638691	11.69915295
262	-1.650294423	4.976667404	11.98927116
263	-0.000580293	-17.84911728	1.62231493
264	-0.934964538	-17.81090546	1.571304202
265	-3.415959835	-17.12455368	0.722962022
266	-5.289980412	-15.8918705	-0.870360375
267	-1.976386189	-17.5280056	1.413458228
268	-6.420851707	-14.04979134	-2.898670197
269	-6.437664032	-12.7952919	-4.735203743
270	-6.413043022	-9.167038918	-1.940720916
271	-6.372173786	-10.47852039	-0.018952563
272	-4.919771194	-12.20035934	1.632535577
273	-2.944725037	-13.52172089	3.043078184
274	-1.811804533	-14.08434296	4.055404663
275	-0.894550383	-14.47094154	4.541479588
276	-0.000580293	-14.56217575	4.708591461
277	-0.000203623	5.011165619	12.03721142
278	-1.600644112	6.379664421	11.78263664
279	-0.000437831	6.256786346	11.89309311
280	-1.653343201	13.48364449	8.411606789
281	0.000686494	13.49516773	8.591428757
282	-7.638376236	5.872412205	6.997188091
283	-6.614644527	6.547085762	9.320044518
284	-4.925690174	6.858999729	10.69689178
285	-3.267421246	6.867272377	11.32189846
286	-1.680044174	8.133462906	11.33377552
287	-0.000125234	8.062535286	11.49982357
288	-3.210812569	8.313155174	10.88093281
289	-4.997348309	8.347262383	10.09031296
290	-6.859562397	8.068120956	8.243336678
291	-8.151388168	7.266563416	5.369874477
292	-8.143313408	-1.235448837	-1.167030454
293	-7.02469492	-3.51846385	-1.510904789
294	-9.153606415	6.749799728	0.377362967
295	-8.571043968	3.588798046	-0.656187356
296	-8.998109818	7.570702553	-2.647207022
297	-8.870177269	4.310042381	-3.981588364
298	-8.411833763	1.093306065	-1.737068176
299	-8.344842911	1.527133703	-4.282542706
300	-7.656219006	-0.861875653	-4.240720272
301	-6.829386711	-2.766657114	-4.160503387
302	-6.639431953	-7.11434269	-0.555506349
303	-6.3496418	-8.539721489	1.410740137
304	-4.86730957	-10.10609818	2.939020634
305	-3.029464483	-11.5990839	4.454050541
306	-1.875738144	-12.44272614	5.437858582
307	-0.882843912	-12.82602787	5.777953625
308	-0.00096082	-12.86286449	5.807722569
309	-6.214018822	-5.690529346	-2.643952847
310	-5.974191189	-4.4496665	-4.374504089
311	-5.780481815	-7.836256504	-4.188566685
312	-5.18594408	-6.563696861	-5.390169144
313	2.24E-05	-16.45228386	3.261528254
314	-0.948382676	-16.36636353	3.094651461
315	-1.913145304	-16.00539017	2.702976227
316	-3.240491629	-15.5649662	1.819714189
317	-5.255678654	-14.41917706	0.29246366
318	-6.388444424	-12.64333916	-1.699220061
319	-6.434429646	-11.25859356	-3.534130096
320	-5.857291698	-9.788358688	-5.76957798
321	-5.053509712	-9.026380539	-7.265443802
322	-6.053938866	-11.61182976	-7.094120026
323	-5.265419483	-11.07715988	-8.758628845
324	-8.642967224	8.961350441	3.515107632
325	-1.706044078	10.36813641	10.46017265
326	-0.000358913	10.29394913	10.65637684
327	-3.2037673	10.46871662	9.997844696
328	-5.008249283	10.45721722	9.148077011
329	-7.067564487	10.15190983	6.889986992
330	-8.575643539	11.01900578	1.208018303
331	-6.906940937	12.42732811	5.268807411
332	-4.769588947	13.04288864	7.319587708
333	-3.204652548	13.33694267	8.004057884
334	-3.722411871	-10.97796917	-9.673986435
335	-3.814345837	-8.618942261	-8.201992035
336	-4.249493599	-6.060709476	-6.60253334
337	-4.988177776	-3.834522247	-5.917681217
338	-5.519317627	-2.239514589	-6.313336372
339	-6.323960781	-0.480255842	-6.945327759
340	-7.102530479	1.871146202	-7.464697838
341	-7.532856941	4.882544041	-7.431675911
342	-7.671686649	8.001188278	-6.447640896
343	0.00463444	5.333851814	-11.85021496
344	0.00262972	8.567676544	-11.60823441
345	0.001141553	2.377000093	-11.22769356
346	0.001572014	0.114887923	-9.913741112
347	0.002937192	-1.799644709	-8.234905243
348	0.005962722	-3.811732531	-7.196656227
349	0.005163293	-5.851110935	-7.490009308
350	0.003109377	-8.348549843	-8.67638588
351	0.000243733	-10.82169914	-9.974927902
352	-4.485238552	8.369220734	-9.972198486
353	-4.463568211	5.219079018	-10.49647427
354	-4.28271246	2.090706348	-10.12139606
355	-3.925380707	-0.284506321	-9.046005249
356	-3.326904058	-2.07730484	-7.797260284
357	-2.924225569	-3.808264256	-7.154630661
358	-2.432171106	-5.870519161	-7.447750092
359	-2.061580658	-8.398212433	-8.632318497
360	-1.741636992	-10.87236977	-10.03762817
361	-1.741821647	15.55797672	5.606867313
362	-6.37E-05	15.64698315	5.731418133
363	-7.501605511	11.59888744	-4.441850185
364	-4.40249157	12.10888577	-8.267755508
365	9.61E-05	12.45924377	-10.02919102
366	-6.222679615	14.54735088	2.921845436
367	-4.521090031	15.0157671	4.685224533
368	-3.282627821	15.30251694	5.271746635
369	-7.295660496	13.84307861	1.07173419
370	-6.485556602	14.51017094	-2.451433182
371	-3.968869448	15.02411842	-5.654717922
372	-0.000174429	15.31812286	-6.879553795
373	-3.91E-05	16.71850014	2.528969288
374	-3.883318424	16.16404152	2.009685278
375	-5.341549397	15.73783493	-0.338605166
376	-3.91E-05	16.8889389	-3.390527964
377	-3.421814203	16.45602989	-2.862203836
378	-5.14E-05	17.07097435	-0.409286976
379	-3.155161619	16.67741013	-0.338285446
380	-3.071886063	16.05116272	3.521600962
381	-1.802602768	16.26850891	3.761073112
382	-4.403178692	1.892223358	10.88069534
383	-3.872396708	1.859965801	10.93942356
384	-4.810180187	2.018234491	10.70575905
385	-2.948154449	2.045495749	10.68257332
386	-2.665576935	2.098417521	10.33762741
387	-3.383183718	1.953945875	10.85977173
388	-2.569323063	2.262638569	10.25137424
389	-2.845560551	2.511763573	10.66354656
390	-3.320674419	2.761707306	11.01294231
391	-3.783394337	2.857935667	11.16031265
392	-4.33372736	2.826681614	11.05789089
393	-4.66577816	2.716408968	10.88959312
394	-4.996097565	2.543147564	10.60703373
395	-5.175186634	2.40835619	10.31353569
396	-5.167060852	2.330350637	10.22124004
397	-5.095494747	2.22156477	10.40451336
398	-8.634395599	2.63925457	0.893805623
399	-9.012917519	1.852146864	0.956656814
400	-8.941480637	0.835514128	0.695309997
401	-9.099421501	-0.430170417	0.885833621
402	-8.493483543	-1.980418205	0.121594489
403	-9.049550056	-2.019474506	0.747297466
404	-9.072538376	-2.113817453	-0.431316316
405	-9.710978508	-2.066333294	0.02769284
406	-9.546494484	-1.145708203	-1.337523818
407	-10.20293427	-1.220058441	-0.993652642
408	-10.12639141	0.641856611	-2.888112307
409	-10.85228062	0.506756306	-2.777445793
410	-9.339828491	-0.764329076	0.756637335
411	-10.02553177	-0.83018595	0.08976613
412	-10.40463734	-0.195896894	-1.064785242
413	-10.44946671	2.851712942	-3.130725861
414	-11.05716801	2.644242764	-3.065541744
415	-9.641060829	4.065540791	-1.503421545
416	-10.16603851	4.068135738	-1.067351937
417	-10.36381817	3.902014256	-2.31179142
418	-10.74744511	3.814901352	-2.161560297
419	-9.10389328	3.736643314	-0.666260123
420	-9.517616272	3.735573292	-0.170294747
421	-8.856586456	3.405679941	-0.04012464
422	-9.116082191	2.850963116	0.485484541
423	-9.191281319	1.501631379	0.101922452
424	-8.953337669	0.761730909	-0.085096508
425	-9.217055321	2.569641352	-0.154974788
426	-8.643688202	-1.185104847	-0.848412037
427	-8.980353355	-1.218230128	-0.877332866
428	-9.217026711	-0.409888417	-1.271921515
429	-9.587362289	0.891714871	-1.845421553
430	-9.783788681	2.639261723	-1.900786757
431	-9.032473564	2.545691729	-1.118490696
432	-8.825621605	1.042993069	-1.560952187
433	-8.786515236	3.070567846	-0.420042306
434	-8.791619301	-0.185308784	-1.493222117
435	-8.563591003	2.875354767	0.345649988
436	-8.396714211	-0.035518758	-1.746175528
437	-8.052387238	0.437626481	-4.297777176
438	-6.800469875	0.766705036	-7.28198576
439	-4.14186573	0.951815844	-9.70459938
440	0.001498221	1.31042707	-10.72683334
441	-8.564180374	2.480593681	-1.220411658
442	-8.732380867	3.028730869	-4.160844803
443	-7.38035059	3.265681744	-7.550076962
444	-4.426892757	3.441383839	-10.4365921
445	0.001707302	3.605967522	-11.63128185
446	-8.560360909	3.418096542	0.523953557
447	-9.112626076	6.228338718	1.63886106
448	-8.446370125	8.094463348	4.45594883
449	-6.988249302	9.060042381	7.585429668
450	-5.039225578	9.333295822	9.692466736
451	-3.219312906	9.297577858	10.55210781
452	-1.705834985	9.19974041	10.98822594
453	0.000206836	9.131727219	11.1589098
454	-10.50893593	0.980691791	-2.334882975
455	-10.62101173	2.430524826	-2.595108986
456	-10.05255699	3.390220165	-1.311202168
457	-10.47145748	3.294977665	-1.990765572
458	-9.552298546	3.196633101	-0.588048637
459	-9.987065315	1.887876034	-0.762370706
460	-9.344641685	1.328568578	-0.753327727
461	-10.57206249	2.445652485	-1.809861064
462	-10.39239979	2.296061754	-1.161788702
463	-10.68599892	1.385512114	-1.830672026
464	-9.248844147	-0.581300557	0.508766055
465	-9.881317139	-0.555301607	-0.105419375
466	-8.9773283	0.390178442	0.585607588
467	-9.105193138	-0.044463828	0.605680525
468	-8.948184967	0.309988469	0.439016938
469	-9.062932968	-0.065513387	0.487697959
470	-8.681563377	0.472281963	0.353415936
471	-8.505672455	0.248402968	-0.091556221
472	-8.894342422	-0.43503207	0.490598381
473	-10.09201145	-0.218893468	-0.735004365
474	-10.37753105	1.045031071	-1.081631064
475	-9.80875206	0.804625213	-1.112604499
476	-9.573303223	-0.619234979	-0.220125377
477	-9.762711525	-0.210772738	-0.824968696
478	-10.59777355	1.119208097	-1.384722352
479	-9.112401962	0.419239372	-0.756104171
480	-8.807618141	-0.549784958	-0.402065873
481	-8.49111557	-0.283860147	0.33583805
482	-8.41660881	-0.327941388	0.029477127
483	-8.374552727	-0.006501757	0.094579488
484	-8.447299004	0.055897191	0.317748755
485	-0.760480106	-6.286627293	11.87263966
486	-0.001010755	-6.307658672	11.91117191
487	-1.58764267	-6.199757576	11.45226383
488	-1.186575413	-6.251244545	11.70275497
489	-0.001121445	-4.477422714	11.91783905
490	-0.69022876	-4.544242382	11.87550545
491	-1.227727652	-4.694431305	11.69741726
492	-1.768214941	-4.812726021	11.50030327
493	-2.29434967	-5.017367363	11.26399136
494	-2.676378012	-5.305588245	10.94246197
495	-2.63314724	-5.95698595	10.87971306
496	-2.116839647	-6.200144291	11.15568733
497	-0.890110493	-7.648694038	10.05918026
498	-0.000715581	-7.761756897	10.06413555
499	-1.895828485	-7.303340912	9.598560333
500	-1.392852545	-7.482696056	9.891864777
501	0.002826502	-3.104447365	10.06473923
502	-0.827373803	-3.213685989	10.02037621
503	-1.46676898	-3.465395689	9.821613312
504	-2.10185957	-3.64580822	9.566449165
505	-2.709240675	-3.982527018	9.319757462
506	-3.193460703	-4.716907024	8.914152145
507	-3.149775028	-6.409136772	8.89591217
508	-2.507612467	-7.122005463	9.302600861
509	-2.907929897	1.992585897	10.45656872
510	-2.558882952	2.039862633	10.13296032
511	-2.761604548	2.604290962	10.38967705
512	-2.403137684	2.182431459	10.04454422
513	-3.352414608	1.894144535	10.59513187
514	-3.254630089	3.033089876	10.70188141
515	-3.865247726	1.822850704	10.69501591
516	-3.761701107	3.139451504	10.84511852
517	-4.410197735	1.843005776	10.59789371
518	-4.341476917	3.091445208	10.74581814
519	-4.846790791	1.977247953	10.4662447
520	-4.740500927	2.939045429	10.62464619
521	-5.110839367	2.657179594	10.40624046
522	-5.186777115	2.155450106	10.20170879
523	-5.37635088	2.219014406	10.03752899
524	-5.342909336	2.413452864	10.12338352
525	-2.62801218	1.805052042	8.831540108
526	-2.167143345	1.770602942	8.944850922
527	-2.488531828	2.513849974	8.817199707
528	-2.038434744	1.95321703	8.945083618
529	-3.160807133	1.69628036	8.800398827
530	-3.070034027	3.115880966	8.749014854
531	-3.770102024	1.639065981	8.799096107
532	-3.669426441	3.33023262	8.72546196
533	-4.400018215	1.707961679	8.793424606
534	-4.410132408	3.258819818	8.770357132
535	-4.869205475	1.851719975	8.820965767
536	-4.88718462	3.076135635	8.818421364
537	-5.301296234	2.701087952	8.826911926
538	-5.289147854	2.090172768	8.874491692
539	-5.436837673	2.217307329	8.936774254
540	-5.46527338	2.364906549	8.91450119
541	1.823847294	-1.686393976	12.51189518
542	2.249165773	-2.708864689	12.2101984
543	0.614449024	0.532594562	13.78259945
544	0.830549955	-0.337759018	14.44079876
545	1.898925781	-0.840715766	12.37338829
546	2.633863926	-1.6435709	12.06444454
547	2.750089884	-3.558443069	11.91820049
548	3.363924742	-2.49792099	11.67356968
549	3.41831708	-4.346438408	11.46003628
550	4.143582344	-3.492369413	11.07688999
551	3.864284992	-5.08142662	10.92415714
552	4.652561188	-4.593675137	10.30446243
553	4.681460857	-5.767602444	9.703268051
554	3.896083593	-5.833415031	10.53765392
555	3.588639498	-6.740656376	10.48999023
556	4.356786728	-7.231750965	9.479234695
557	2.935540676	-7.757741451	10.91203785
558	3.544661522	-8.604912758	9.90473938
559	1.136743426	-8.685788155	12.31952953
560	1.366865754	-9.96425724	11.91906738
561	1.031838536	-6.841621876	12.21050358
562	2.187221527	-6.4876194	11.8803072
563	2.639193058	-6.152821064	11.46742058
564	2.869765043	-5.890319824	11.40455246
565	2.872946978	-5.640731335	11.58185577
566	2.618347406	-5.305683613	11.93506241
567	2.147410154	-4.901170254	12.32012367
568	2.338498116	-5.597533226	12.0537138
569	2.568069458	-5.784948826	11.65499496
570	2.578695774	-5.900677681	11.50983143
571	2.389600277	-6.007787228	11.65483475
572	1.01373446	-6.464067459	12.56710529
573	1.986257792	-6.159883499	12.08246803
574	1.493918419	-4.434633732	12.71277905
575	1.404790282	-4.98300457	12.94957638
576	0.688972175	-4.625923157	13.40435886
577	0.714396417	-4.1639781	13.30250931
578	1.30335474	-10.61568069	10.86757565
579	4.268619537	-8.904276848	8.114505768
580	5.2269907	-7.270342827	8.085665703
581	5.640904903	-5.398700237	8.594465256
582	5.676021576	-4.005604744	9.368566513
583	5.297522068	-2.392303228	10.37700653
584	4.05697298	-1.565990448	11.3722477
585	3.125620365	-0.862567306	11.76513577
586	2.173768044	-0.110108808	11.98851585
587	0.651282311	1.271805763	13.12163925
588	1.938882351	-5.309854984	12.48988056
589	1.411875367	-3.216601372	12.64115047
590	1.130129933	-3.368954659	12.88656807
591	1.475009918	-2.83163166	13.10901833
592	0.828105032	-3.032383919	13.21874428
593	1.631376505	-1.034721136	13.10211945
594	1.36491549	-0.305137277	12.63784313
595	1.517019749	0.396098912	12.24858189
596	1.119444847	-2.125978231	14.63211823
597	0.639427543	-2.330604553	14.70657253
598	0.516435921	-3.45130682	13.44828033
599	0.436715394	-2.575567245	14.11210155
600	1.075890779	0.877327085	12.70783138
601	0.971619606	0.140498608	13.19908237
602	1.169345737	-0.576294541	13.727911
603	1.60020709	-2.299439669	13.95457172
604	0.986302972	-7.299304008	11.95186901
605	2.439759016	-6.916269302	11.52688885
606	3.016061068	-6.306269646	11.1519165
607	3.305517197	-5.857933521	11.11375618
608	3.308635235	-5.414770126	11.33846188
609	2.98491621	-4.876384735	11.70346832
610	2.450375557	-4.262910366	12.06964302
611	1.968418837	-3.594589233	12.32137585
612	1.746235847	-2.617625475	12.52448654
613	2.018760204	-1.979785442	13.16173744
614	1.762544155	-1.621720195	14.06719208
615	1.287144899	-1.531441569	14.73119926
616	0.763514876	-1.784867644	15.31837463
617	0.69768697	-0.966608465	15.16494846
618	0.761821747	-1.935911655	13.83012199
619	0.513779283	-1.77267158	14.22685146
620	0.947201014	-2.066287518	13.1826992
621	1.246990204	-2.090985775	13.23973846
622	0.814526081	-1.682836771	14.26059723
623	1.137712598	-1.916590214	13.889328
624	0.783462226	-5.35916996	12.59950447
625	1.658639669	-5.603818893	12.13816166
626	0.669722021	-5.316360474	12.77437115
627	1.214673996	-5.482648849	12.58402061
628	1.691280961	-5.644546986	12.28930187
629	2.083345175	-5.757293701	11.91769123
630	2.379244328	-5.816059113	11.52533436
631	2.371852875	-5.86661005	11.48409939
632	2.064023733	-5.762966156	11.78929329
633	2.760683775	-10.12338543	9.667370796
634	2.523395061	-9.443617821	11.04022694
635	2.110396862	-8.428142548	11.52067852
636	1.793586254	-7.252496243	11.74952984
637	1.667199492	-6.750017166	12.10533428
638	1.551688433	-6.34622097	12.36538029
639	1.277496696	-5.479111195	12.40001678
640	0.9997015	-6.026154041	12.83732128
641	1.475533605	-5.964168072	12.56801128
642	1.854007602	-5.891648293	12.22972393
643	2.23955369	-5.870679855	11.79960251
644	2.419978619	-5.888106346	11.58474255
645	2.404678583	-5.862584591	11.68992043
646	2.180198908	-5.770400047	12.10471725
647	1.846665263	-5.567216396	12.56254864
648	1.350576758	-5.306676388	12.97575283
649	0.711493671	-4.993925571	13.3208456
650	0.92967236	-11.19367599	6.937810898
651	1.138889194	-10.91491318	8.828665733
652	5.814764023	-7.406643391	6.058759689
653	6.125769615	-6.438378334	6.594100952
654	7.268631458	-5.331593513	4.922287464
655	7.065341473	-6.046486855	4.201043129
656	7.913655758	-4.426207066	2.198662043
657	8.056248665	-4.163866997	3.457493782
658	8.553143501	-1.947543263	2.62857151
659	8.413811684	-2.606490612	3.973978996
660	8.46276474	-1.699373364	1.399757266
661	7.471271992	-4.675625324	1.378306389
662	6.677295208	-6.493088245	3.590650797
663	5.349107742	-7.896636963	5.35185194
664	3.803212166	-9.358075142	7.203211308
665	2.440312386	-10.56263065	8.339167595
666	2.083000898	-10.77053547	6.900671959
667	8.112155914	-1.984529614	0.595687389
668	6.965299129	-4.895733356	0.494972616
669	6.423649788	-6.869529724	2.674046755
670	5.055754185	-8.24024868	4.436559677
671	3.369246721	-9.812924385	6.155269623
672	7.600887775	-3.714772224	5.613864422
673	6.510862827	-4.713985443	7.27060318
674	8.659401894	3.081951857	1.57194376
675	8.601445198	3.030875444	3.515246153
676	8.883072853	0.196477637	1.78580308
677	8.715845108	-0.109887585	2.928761959
678	8.501788139	-0.886701167	4.402202606
679	7.825541973	-1.970198154	6.15331459
680	6.788906097	-3.089512825	7.95255518
681	5.329205513	2.380906105	10.36201
682	5.307020664	2.299236774	10.26466846
683	5.665932178	2.148597002	10.09498692
684	5.785085201	2.408157587	10.10109234
685	5.464815617	1.815488458	10.37087536
686	5.21289444	2.156839609	10.50481319
687	5.367741585	2.726545095	10.56288338
688	5.097636223	2.545866251	10.662076
689	2.428894281	2.047524691	10.48949337
690	2.399610758	2.203684092	10.42978191
691	2.018084049	2.269962788	10.56449127
692	2.109290838	1.941988111	10.70937347
693	2.573013544	1.674400806	10.89257717
694	2.837635994	2.040009975	10.83526421
695	3.217852354	1.452012181	11.02469254
696	3.340850353	1.885445952	11.01686764
697	3.87641716	1.26369369	11.01229382
698	3.881289721	1.767751455	11.08608246
699	5.057668686	1.430697918	10.67486191
700	4.928108215	1.938269496	10.81036663
701	2.766434908	2.487430096	10.79894447
702	2.555551291	2.806016684	10.8158741
703	3.305447102	2.76486969	11.09796238
704	3.194903135	3.17293191	11.16380692
705	3.793471813	2.848235846	11.23734665
706	3.784636974	3.296710968	11.29946232
707	4.716630459	2.724564552	10.99824333
708	4.91973114	3.058130026	11.08678722
709	4.45877552	3.257748842	11.25267029
710	4.368507385	2.824848413	11.18724346
711	4.463618279	1.799166203	11.02387142
712	4.521590233	1.250838637	10.90689754
713	4.411425591	3.097145796	11.23053265
714	4.837967873	2.951800108	11.0489502
715	5.254175663	2.667705059	10.62261772
716	5.542455196	2.407631397	10.28116417
717	5.469496727	2.221016407	10.21782207
718	5.322381496	1.983282804	10.48507118
719	5.008872032	1.709560394	10.78963661
720	4.506279469	1.543776631	11.0143404
721	3.885986567	1.54400444	11.07131863
722	3.304296017	1.680106163	11.05889797
723	2.761431694	1.866214514	10.90551567
724	2.305258036	2.001403809	10.58075142
725	2.255049229	2.208025455	10.57600403
726	2.643036127	2.674354792	10.81931114
727	3.225431681	3.035721064	11.15497208
728	3.783167839	3.134946346	11.27929497
729	1.132317424	2.567150593	11.43833637
730	1.198686957	1.728593111	11.85869408
731	1.843875289	3.572584629	11.64998817
732	2.744713783	4.155564785	11.82586765
733	3.804741859	4.495419502	11.81125641
734	4.907989025	4.611473083	11.5194931
735	5.994646072	4.284446716	10.73973465
736	6.724084854	3.713642597	9.726563454
737	7.182072639	2.851397276	8.410060883
738	7.405237198	1.376250744	7.909853458
739	6.609412193	-0.001991183	9.383895874
740	5.513825417	-0.641366541	10.48099327
741	4.425183296	-0.51176548	11.13276291
742	3.504836082	-0.156499565	11.44088745
743	2.508057117	0.465056092	11.59668922
744	6.349931717	1.921872616	9.532799721
745	6.024157524	1.246419311	10.05959892
746	5.351055145	0.736275315	10.65243912
747	4.56746006	0.579186022	11.00325394
748	3.780711174	0.678005576	11.14338875
749	2.919102669	1.041154981	11.12620735
750	2.115148067	1.426885486	11.07783604
751	1.598245382	1.832306266	10.89238167
752	1.504737139	2.424867392	10.79391575
753	2.204984665	3.202702522	11.21282482
754	3.013430595	3.64242363	11.50888634
755	3.817783594	3.844233513	11.62038517
756	4.733483791	3.907248497	11.51711655
757	5.515015125	3.591862679	11.10020638
758	6.112037659	3.06479001	10.35055161
759	6.452848911	2.481753111	9.63043499
760	6.829982281	-1.515128374	8.739972115
761	7.857031822	-0.332941294	6.800808907
762	8.254109383	2.429250956	5.412950039
763	7.955551147	3.711946726	6.589247227
764	8.434579849	0.703883052	4.794103146
765	8.793943405	1.670297623	1.787937164
766	8.634469986	1.276484728	3.109732866
767	8.501219749	4.786533356	4.6596632
768	8.950362206	5.699055672	2.842431307
769	1.781829596	0.996442378	11.71301079
770	0.782087743	1.964104772	12.38907909
771	0.826967537	2.708453894	11.86166668
772	1.061937928	3.907450676	11.94014835
773	7.241816998	4.704565048	8.54444313
774	6.373455048	5.347477436	10.10744858
775	4.947340488	5.623486996	11.20179749
776	3.543945074	5.609620571	11.69766331
777	1.651388526	4.976778507	11.99487877
778	0.933754861	-17.81041336	1.583656073
779	3.418538332	-17.12340927	0.72663939
780	5.292472363	-15.8902359	-0.869204342
781	1.975041032	-17.52672768	1.413788557
782	6.421782494	-14.04772568	-2.898399591
783	6.436171532	-12.79410934	-4.735990524
784	6.411360741	-9.166635513	-1.941974878
785	6.373169899	-10.47913361	-0.019438788
786	4.923099518	-12.20008373	1.637296677
787	2.97883296	-13.5019722	3.072320461
788	1.815762997	-14.08615494	4.058530807
789	0.895886421	-14.47379494	4.546881199
790	1.600781679	6.379627705	11.78076744
791	1.657446623	13.48781395	8.416600227
792	7.638692379	5.872606754	6.997512817
793	6.613210201	6.547724247	9.320635796
794	4.924873829	6.859956264	10.698102
795	3.268681288	6.867156506	11.32173824
796	1.679830551	8.133302689	11.33552265
797	3.208483219	8.310612679	10.87524509
798	4.995686054	8.345985413	10.08713436
799	6.859574795	8.068221092	8.243407249
800	8.15133667	7.266584873	5.370115757
801	8.149335861	-1.239839673	-1.170772314
802	7.026738644	-3.518943548	-1.512321591
803	9.149075508	6.749246597	0.377264559
804	8.580485344	3.596829414	-0.658130527
805	8.996790886	7.570505142	-2.647243738
806	8.866913795	4.309402943	-3.981514692
807	8.422555923	1.092057467	-1.74370718
808	8.347715378	1.525817871	-4.283969402
809	7.659205914	-0.862733066	-4.24342823
810	6.829727173	-2.765526772	-4.162940025
811	6.637992859	-7.114533901	-0.556797802
812	6.354585648	-8.542158127	1.411631227
813	4.866075993	-10.10535622	2.937802553
814	3.036095381	-11.600317	4.426688671
815	1.880402565	-12.44630146	5.360714912
816	0.882367194	-12.82963276	5.63280344
817	6.214849472	-5.690453529	-2.645941496
818	5.970516205	-4.447399616	-4.374697208
819	5.778494835	-7.836310387	-4.18991518
820	5.182249546	-6.563254833	-5.392505646
821	0.948673368	-16.36675644	3.095088243
822	1.912181497	-16.00511932	2.702638626
823	3.242836237	-15.56595039	1.824378848
824	5.261774063	-14.41996288	0.297370911
825	6.394416332	-12.64357281	-1.699134111
826	6.437229156	-11.25794125	-3.535408735
827	5.859513283	-9.787865639	-5.772775173
828	5.041722775	-9.03213501	-7.256293297
829	6.059001446	-11.6132679	-7.100835323
830	5.221630573	-11.08239937	-8.70891571
831	8.643061638	8.961338997	3.515365601
832	1.705449224	10.36709118	10.45678997
833	3.203086138	10.4685564	9.993502617
834	5.008368015	10.45950508	9.148384094
835	7.067732811	10.15193367	6.889556885
836	8.575651169	11.01904392	1.208067417
837	6.905362129	12.42582893	5.266901016
838	4.768822193	13.04452324	7.322821617
839	3.209272623	13.34525681	8.014979362
840	3.681574821	-10.98528671	-9.622195244
841	3.804084063	-8.629039764	-8.197392464
842	4.23749733	-6.063869476	-6.594661236
843	4.978075504	-3.831594944	-5.908715248
844	5.513422012	-2.232664108	-6.308195114
845	6.318496227	-0.475434452	-6.94288063
846	7.097889423	1.872597694	-7.463530064
847	7.537378788	4.882507324	-7.438895226
848	7.675777912	8.001459122	-6.452351093
849	4.494556904	8.368987083	-9.984951973
850	4.476219177	5.219497204	-10.51255035
851	4.279916286	2.093621016	-10.11497593
852	3.924539566	-0.279636145	-9.041847229
853	3.32768631	-2.071474791	-7.793029785
854	2.921158552	-3.80442667	-7.138777256
855	2.430456877	-5.873839855	-7.436767101
856	2.065782309	-8.399234772	-8.644113541
857	1.739799976	-10.88720322	-9.995676041
858	1.741054535	15.55563927	5.604973316
859	7.501908302	11.59897327	-4.442268372
860	4.40335989	12.10895824	-8.269120216
861	6.222244263	14.54687214	2.921488523
862	4.519634247	15.01285267	4.682703495
863	3.280975103	15.29891205	5.268549442
864	7.295532227	13.84305477	1.07173419
865	6.485453129	14.51017094	-2.45144558
866	3.968717337	15.02395821	-5.654669285
867	3.883215189	16.16404152	2.009685278
868	5.341459274	15.73783493	-0.338617474
869	3.421699047	16.45602989	-2.862203836
870	3.155059099	16.67741013	-0.338285446
871	3.071795464	16.05111313	3.521613359
872	1.802499771	16.26848412	3.761073112
873	4.403216839	1.891928077	10.88119984
874	3.872274399	1.85919261	10.94190598
875	4.810870647	2.017921925	10.7066803
876	2.947391033	2.050292015	10.6819706
877	2.666331768	2.102599382	10.3397913
878	3.383011818	1.954676986	10.86101532
879	2.585605383	2.245312214	10.26604271
880	2.845104218	2.512601376	10.66383934
881	3.321655512	2.760209322	11.01214981
882	3.78343153	2.85753274	11.16104603
883	4.333679199	2.825408936	11.05817318
884	4.66620779	2.716213703	10.89030361
885	4.995481968	2.54372716	10.60714149
886	5.170135498	2.411001444	10.31240177
887	5.153796196	2.342281818	10.22176456
888	5.096539021	2.220520735	10.40681171
889	8.63188076	2.648690939	0.893685699
890	9.018460274	1.852604628	0.959286094
891	8.958264351	0.828146577	0.695317447
892	9.105093956	-0.42794472	0.897155762
893	8.494605064	-1.968817711	0.123489119
894	9.047472954	-2.022070169	0.75227207
895	9.072836876	-2.10802269	-0.426138163
896	9.721335411	-2.07750988	0.033946842
897	9.557424545	-1.147062302	-1.333822966
898	10.192626	-1.212431669	-0.988120556
899	10.13393688	0.632273078	-2.909974337
900	10.78946114	0.540537596	-2.768448591
901	9.343761444	-0.763408661	0.768649638
902	10.02010727	-0.83960557	0.087815553
903	10.39322853	-0.197453961	-1.073575258
904	10.42257786	2.844026089	-3.111379862
905	11.08500767	2.652544498	-3.084432602
906	9.631093979	4.033169746	-1.517553091
907	10.18096542	4.054065704	-1.059296131
908	10.28952694	3.879470348	-2.332109213
909	10.80797577	3.831480026	-2.133813858
910	9.098355293	3.72935009	-0.678841949
911	9.545075417	3.709929943	-0.170171753
912	8.85513401	3.407660246	-0.044921163
913	9.129406929	2.85294795	0.49013713
914	9.192359924	1.495114088	0.098635457
915	8.939180374	0.766422093	-0.090894595
916	9.232487679	2.561173439	-0.143116012
917	8.638056755	-1.185810208	-0.851010442
918	8.978687286	-1.216786027	-0.871146202
919	9.221380234	-0.409480155	-1.263925672
920	9.585515022	0.896507561	-1.856361747
921	9.81098938	2.633911848	-1.887405515
922	9.035261154	2.546355724	-1.112329006
923	8.822566032	1.042393327	-1.559486151
924	8.777044296	3.016289473	-0.415755272
925	8.784090042	-0.18282254	-1.484293222
926	8.553599358	2.884201288	0.3338947
927	8.397023201	-0.036179844	-1.750047445
928	8.056678772	0.436173737	-4.300403118
929	6.795176506	0.769066691	-7.280079842
930	4.139339924	0.955075026	-9.69762516
931	8.586659431	2.487038136	-1.230226159
932	8.730937958	3.027341127	-4.160242558
933	7.378550529	3.266862154	-7.551552773
934	4.42897892	3.443941832	-10.43773556
935	8.56552124	3.415860415	0.520337939
936	9.107923508	6.227576256	1.638873458
937	8.446267128	8.09440136	4.456329823
938	6.988789082	9.059782028	7.585741997
939	5.03865242	9.333076477	9.690335274
940	3.216811657	9.294822693	10.544137
941	1.705350876	9.199900627	10.98807907
942	10.53291416	0.976475179	-2.349414349
943	10.64002228	2.423440456	-2.576869726
944	10.09468842	3.37904048	-1.289949536
945	10.4498682	3.272482872	-2.01712203
946	9.576713562	3.183432579	-0.574075162
947	9.991652489	1.903198719	-0.732622266
948	9.34525013	1.318151951	-0.758159161
949	10.61427975	2.470447063	-1.825001001
950	10.37251663	2.321725607	-1.157440662
951	10.66479492	1.387865543	-1.847460389
952	9.240112305	-0.586086631	0.500880957
953	9.88344574	-0.537499189	-0.105056599
954	8.974616051	0.387282074	0.579142451
955	9.087431908	-0.040746264	0.625190377
956	8.934184074	0.309244782	0.4361974
957	9.044314384	-0.072477192	0.467271745
958	8.679112434	0.47042346	0.355191052
959	8.517315865	0.243514597	-0.090264678
960	8.892383575	-0.434710652	0.487483233
961	10.10741234	-0.21915175	-0.718289077
962	10.37998676	1.051286459	-1.097977996
963	9.806820869	0.802508891	-1.112487912
964	9.569602013	-0.618020117	-0.223546043
965	9.766246796	-0.210693538	-0.823383093
966	10.58676338	1.121034503	-1.390463114
967	9.097682953	0.424599588	-0.747148454
968	8.814047813	-0.552122235	-0.398684084
969	8.483707428	-0.284112901	0.330797076
970	8.423167229	-0.322711051	0.034300376
971	8.382531166	-0.012673706	0.100710101
972	8.44198513	0.051550344	0.312799037
973	0.757573068	-6.289566994	11.8734026
974	1.587428927	-6.204082012	11.45174694
975	1.185242653	-6.255375385	11.70280457
976	0.68999058	-4.543443203	11.87568951
977	1.22836256	-4.683846951	11.6974659
978	1.769391179	-4.786540508	11.5017662
979	2.294849396	-5.020087719	11.26477909
980	2.675819874	-5.309065819	10.94233894
981	2.632823229	-5.958407402	10.87817478
982	2.116908789	-6.201111794	11.15529442
983	0.889392614	-7.652039528	10.05895901
984	1.89711535	-7.302220821	9.597933769
985	1.393438339	-7.484061241	9.890192986
986	0.831846178	-3.214743853	10.02307034
987	1.468154192	-3.467756748	9.825992584
988	2.100465298	-3.647075176	9.569437027
989	2.707575798	-3.984285831	9.321491241
990	3.192287683	-4.717521191	8.915639877
991	3.146019459	-6.406001091	8.9037714
992	2.507804871	-7.120307922	9.301887512
993	2.908586979	1.991146803	10.45521641
994	2.557600498	2.035803795	10.13332939
995	2.759940624	2.605956793	10.39044094
996	2.401755571	2.179491997	10.04733562
997	3.352498055	1.891153455	10.59479237
998	3.254561424	3.032333612	10.70145035
999	3.865193129	1.821738482	10.69443703
1000	3.761713982	3.138791084	10.84482956
1001	4.41037178	1.842401862	10.59819317
1002	4.341491699	3.091235399	10.74592018
1003	4.846829891	1.977366567	10.46648788
1004	4.740810394	2.939151049	10.62522221
1005	5.111985683	2.657570601	10.40712929
1006	5.171931744	2.17116046	10.19832706
1007	5.304583549	2.306120396	10.00415325
1008	5.329601765	2.406991005	10.11114216
1009	2.627717257	1.80421567	8.830286026
1010	2.164885521	1.770590425	8.942857742
1011	2.488567352	2.513677597	8.817728043
1012	2.036671638	1.952995539	8.944259644
1013	3.161079884	1.69580102	8.799870491
1014	3.069564581	3.11530304	8.749580383
1015	3.770641804	1.639041424	8.799035072
1016	3.669070482	3.330312252	8.725179672
1017	4.402119637	1.707809448	8.793519974
1018	4.409610748	3.261162043	8.765620232
1019	4.869463444	1.851614714	8.821139336
1020	4.886919975	3.076843023	8.816955566
1021	5.301239491	2.700848103	8.826960564
1022	5.291444302	2.092083931	8.881346703
1023	5.437007904	2.218451738	8.94828701
1024	5.460346222	2.36114192	8.922917366