Edge_ID	VertexA	VertexB
0	63	62
1	62	75
2	75	74
3	74	63
4	0	4
5	4	5
6	5	1
7	1	0
8	7	6
9	6	2
10	2	3
11	3	7
12	9	8
13	8	1
14	5	9
15	11	10
16	10	8
17	9	11
18	11	13
19	13	12
20	12	10
21	15	12
22	13	14
23	14	15
24	17	16
25	16	15
26	14	17
27	19	18
28	18	16
29	17	19
30	21	20
31	20	113
32	113	112
33	112	21
34	23	22
35	22	20
36	21	23
37	78	77
38	77	25
39	25	24
40	24	78
41	115	114
42	114	78
43	24	115
44	26	27
45	27	80
46	80	79
47	79	26
48	81	80
49	27	28
50	28	81
51	82	81
52	28	29
53	29	82
54	29	30
55	30	83
56	83	82
57	31	84
58	84	83
59	30	31
60	29	33
61	33	32
62	32	30
63	28	34
64	34	33
65	35	34
66	27	35
67	25	37
68	37	36
69	36	24
70	116	115
71	36	116
72	38	35
73	26	38
74	42	39
75	39	40
76	40	41
77	41	42
78	41	44
79	44	43
80	43	42
81	46	23
82	21	45
83	45	46
84	112	111
85	111	45
86	17	48
87	48	47
88	47	19
89	14	49
90	49	48
91	13	50
92	50	49
93	11	51
94	51	50
95	9	52
96	52	51
97	53	52
98	5	53
99	4	54
100	54	53
101	74	73
102	73	64
103	64	63
104	6	56
105	56	55
106	55	2
107	57	40
108	39	31
109	31	57
110	32	57
111	39	85
112	85	84
113	39	58
114	58	86
115	86	85
116	59	58
117	42	59
118	59	61
119	61	60
120	60	58
121	0	62
122	63	4
123	64	54
124	60	87
125	87	86
126	60	76
127	76	88
128	88	87
129	70	42
130	43	69
131	69	70
132	70	61
133	69	66
134	66	61
135	71	72
136	72	61
137	66	71
138	55	73
139	74	2
140	75	3
141	76	65
142	65	89
143	89	88
144	22	77
145	78	20
146	114	113
147	80	16
148	18	79
149	81	15
150	82	12
151	83	10
152	84	8
153	85	1
154	86	0
155	87	62
156	88	75
157	89	3
158	67	68
159	68	91
160	91	90
161	90	67
162	90	89
163	65	67
164	91	93
165	93	92
166	92	90
167	92	3
168	93	7
169	96	61
170	72	94
171	94	96
172	96	97
173	97	60
174	65	98
175	98	95
176	95	67
177	76	99
178	99	98
179	97	99
180	101	100
181	100	119
182	119	118
183	118	101
184	100	117
185	117	120
186	120	119
187	104	103
188	103	129
189	129	128
190	128	104
191	105	104
192	128	127
193	127	105
194	106	105
195	127	126
196	126	106
197	125	107
198	107	106
199	126	125
200	109	108
201	108	124
202	124	123
203	123	109
204	125	124
205	108	107
206	122	110
207	110	109
208	123	122
209	122	121
210	121	102
211	102	110
212	112	19
213	47	111
214	113	18
215	114	79
216	115	26
217	116	38
218	117	102
219	121	120
220	119	36
221	37	118
222	120	116
223	121	38
224	122	35
225	123	34
226	124	33
227	125	32
228	126	57
229	127	40
230	128	41
231	129	44
232	130	131
233	131	133
234	133	132
235	132	130
236	133	46
237	45	132
238	48	135
239	135	134
240	134	47
241	139	138
242	138	137
243	137	136
244	136	139
245	137	134
246	135	136
247	141	140
248	140	138
249	139	141
250	143	138
251	140	142
252	142	143
253	144	137
254	143	144
255	145	134
256	144	145
257	146	47
258	145	146
259	147	111
260	146	147
261	147	132
262	147	148
263	148	130
264	150	143
265	142	149
266	149	150
267	150	151
268	151	144
269	152	145
270	151	152
271	153	146
272	152	153
273	153	148
274	136	154
275	154	141
276	155	154
277	135	155
278	49	155
279	140	159
280	159	158
281	158	142
282	159	248
283	248	247
284	247	158
285	141	160
286	160	159
287	154	161
288	161	160
289	155	162
290	162	161
291	50	162
292	166	165
293	165	199
294	199	198
295	198	166
296	200	199
297	165	167
298	167	200
299	197	169
300	169	166
301	198	197
302	174	173
303	173	207
304	207	206
305	206	174
306	206	205
307	205	175
308	175	174
309	205	204
310	204	177
311	177	175
312	204	203
313	203	179
314	179	177
315	194	202
316	202	201
317	201	181
318	181	194
319	201	200
320	167	181
321	173	184
322	184	208
323	208	207
324	186	209
325	209	208
326	184	186
327	188	210
328	210	209
329	186	188
330	190	196
331	196	195
332	195	191
333	191	190
334	190	169
335	197	196
336	195	210
337	188	191
338	203	202
339	194	179
340	196	189
341	189	192
342	192	195
343	197	170
344	170	189
345	198	163
346	163	170
347	199	164
348	164	163
349	168	164
350	200	168
351	201	182
352	182	168
353	202	193
354	193	182
355	203	180
356	180	193
357	204	178
358	178	180
359	205	176
360	176	178
361	206	171
362	171	176
363	207	172
364	172	171
365	208	183
366	183	172
367	209	185
368	185	183
369	210	187
370	187	185
371	192	187
372	212	211
373	211	234
374	234	233
375	233	212
376	235	234
377	211	213
378	213	235
379	213	214
380	214	236
381	236	235
382	237	236
383	214	215
384	215	237
385	238	237
386	215	216
387	216	238
388	239	238
389	216	217
390	217	239
391	217	218
392	218	240
393	240	239
394	218	219
395	219	241
396	241	240
397	219	220
398	220	226
399	226	241
400	227	226
401	220	221
402	221	227
403	228	227
404	221	222
405	222	228
406	222	223
407	223	229
408	229	228
409	230	229
410	223	224
411	224	230
412	224	225
413	225	231
414	231	230
415	165	226
416	227	167
417	228	181
418	229	194
419	230	179
420	231	177
421	231	232
422	232	175
423	233	174
424	232	233
425	234	173
426	235	184
427	236	186
428	237	188
429	238	191
430	239	190
431	240	169
432	241	166
433	54	225
434	224	53
435	223	52
436	222	51
437	221	242
438	242	51
439	242	162
440	220	243
441	243	242
442	243	161
443	245	244
444	244	220
445	219	245
446	244	246
447	246	243
448	246	160
449	248	157
450	157	156
451	156	247
452	246	248
453	244	157
454	249	157
455	245	249
456	249	250
457	250	156
458	64	251
459	251	225
460	251	232
461	251	212
462	73	212
463	253	252
464	252	55
465	56	253
466	252	212
467	255	252
468	253	254
469	254	255
470	255	211
471	254	257
472	257	256
473	256	255
474	256	213
475	218	258
476	258	245
477	217	259
478	259	258
479	216	260
480	260	259
481	215	261
482	261	260
483	214	262
484	262	261
485	256	262
486	314	313
487	313	276
488	276	275
489	275	314
490	317	316
491	316	273
492	273	272
493	272	317
494	274	273
495	316	315
496	315	274
497	315	314
498	275	274
499	271	270
500	270	319
501	319	318
502	318	271
503	318	317
504	272	271
505	303	302
506	302	270
507	271	303
508	272	304
509	304	303
510	273	305
511	305	304
512	306	305
513	274	306
514	275	307
515	307	306
516	276	308
517	308	307
518	257	277
519	277	262
520	277	279
521	279	278
522	278	262
523	279	287
524	287	286
525	286	278
526	258	282
527	282	249
528	259	283
529	283	282
530	260	284
531	284	283
532	261	285
533	285	284
534	278	285
535	287	453
536	453	452
537	452	286
538	286	288
539	288	285
540	288	289
541	289	284
542	289	290
543	290	283
544	290	291
545	291	282
546	291	250
547	293	150
548	149	292
549	292	293
550	446	156
551	250	447
552	447	446
553	297	295
554	295	294
555	294	296
556	296	297
557	442	441
558	441	295
559	297	442
560	437	436
561	436	298
562	298	299
563	299	437
564	301	293
565	292	300
566	300	301
567	150	302
568	303	151
569	304	152
570	305	153
571	306	148
572	307	130
573	308	131
574	310	309
575	309	293
576	301	310
577	309	302
578	312	311
579	311	309
580	310	312
581	311	270
582	264	263
583	263	313
584	314	264
585	267	264
586	315	267
587	316	265
588	265	267
589	266	265
590	317	266
591	268	266
592	318	268
593	319	269
594	269	268
595	320	319
596	311	320
597	312	321
598	321	320
599	323	322
600	322	320
601	321	323
602	322	269
603	291	448
604	448	447
605	325	326
606	326	281
607	281	280
608	280	325
609	452	451
610	451	288
611	451	450
612	450	289
613	449	290
614	450	449
615	449	448
616	324	330
617	330	296
618	294	324
619	329	331
620	331	330
621	324	329
622	329	328
623	328	332
624	332	331
625	328	327
626	327	333
627	333	332
628	327	325
629	280	333
630	321	335
631	335	334
632	334	323
633	312	336
634	336	335
635	310	337
636	337	336
637	338	337
638	301	338
639	300	339
640	339	338
641	340	438
642	438	437
643	299	340
644	443	442
645	297	341
646	341	443
647	296	342
648	342	341
649	353	352
650	352	344
651	344	343
652	343	353
653	343	445
654	445	444
655	444	353
656	439	354
657	354	345
658	345	440
659	440	439
660	356	355
661	355	346
662	346	347
663	347	356
664	347	348
665	348	357
666	357	356
667	358	357
668	348	349
669	349	358
670	349	350
671	350	359
672	359	358
673	350	351
674	351	360
675	360	359
676	342	352
677	353	341
678	444	443
679	340	354
680	439	438
681	339	355
682	356	338
683	357	337
684	358	336
685	359	335
686	360	334
687	362	361
688	361	280
689	281	362
690	330	363
691	363	342
692	364	352
693	363	364
694	364	365
695	365	344
696	367	366
697	366	331
698	332	367
699	333	368
700	368	367
701	361	368
702	369	330
703	366	369
704	370	363
705	369	370
706	372	365
707	364	371
708	371	372
709	370	371
710	367	374
711	374	375
712	375	366
713	375	370
714	377	376
715	376	372
716	371	377
717	375	377
718	379	374
719	374	373
720	373	378
721	378	379
722	378	376
723	377	379
724	380	374
725	368	380
726	361	381
727	381	380
728	381	373
729	362	373
730	180	383
731	383	382
732	382	193
733	384	182
734	382	384
735	171	386
736	386	385
737	385	176
738	387	178
739	385	387
740	387	383
741	172	388
742	388	386
743	183	389
744	389	388
745	185	390
746	390	389
747	187	391
748	391	390
749	192	392
750	392	391
751	189	393
752	393	392
753	170	394
754	394	393
755	163	395
756	395	394
757	164	396
758	396	395
759	168	397
760	397	396
761	384	397
762	526	528
763	528	527
764	527	525
765	525	526
766	527	530
767	530	529
768	529	525
769	530	532
770	532	531
771	531	529
772	533	531
773	532	534
774	534	533
775	534	536
776	536	535
777	535	533
778	537	538
779	538	535
780	536	537
781	537	540
782	540	539
783	539	538
784	99	94
785	94	95
786	399	247
787	156	398
788	398	399
789	400	158
790	399	400
791	400	401
792	401	142
793	142	403
794	403	402
795	402	149
796	403	405
797	405	404
798	404	402
799	405	407
800	407	406
801	406	404
802	407	409
803	409	408
804	408	406
805	401	410
806	410	403
807	410	411
808	411	405
809	411	412
810	412	407
811	409	414
812	414	413
813	413	408
814	414	418
815	418	417
816	417	413
817	418	416
818	416	415
819	415	417
820	416	420
821	420	419
822	419	415
823	420	422
824	422	421
825	421	419
826	398	421
827	422	399
828	424	400
829	399	423
830	423	424
831	422	425
832	425	423
833	427	426
834	426	402
835	404	427
836	406	428
837	428	427
838	408	429
839	429	428
840	413	430
841	430	429
842	415	430
843	432	429
844	430	431
845	431	432
846	419	431
847	421	433
848	433	431
849	428	434
850	434	426
851	432	434
852	398	435
853	435	433
854	426	292
855	292	436
856	437	300
857	438	339
858	439	355
859	440	346
860	434	436
861	432	298
862	298	441
863	442	299
864	443	340
865	444	354
866	445	345
867	431	441
868	295	446
869	447	294
870	448	324
871	449	329
872	450	328
873	451	327
874	452	325
875	453	326
876	446	435
877	433	295
878	412	454
879	454	409
880	454	455
881	455	414
882	418	457
883	457	456
884	456	416
885	456	458
886	458	420
887	458	425
888	455	457
889	460	423
890	425	459
891	459	460
892	455	461
893	461	456
894	461	462
895	462	458
896	462	459
897	454	463
898	463	461
899	465	411
900	410	464
901	464	465
902	467	401
903	400	466
904	466	467
905	469	467
906	466	468
907	468	469
908	470	468
909	400	470
910	424	471
911	471	470
912	472	401
913	469	472
914	472	464
915	465	473
916	473	412
917	475	460
918	459	474
919	474	475
920	465	476
921	476	477
922	477	473
923	474	473
924	477	475
925	412	478
926	478	463
927	474	478
928	462	478
929	479	424
930	460	479
931	477	479
932	479	480
933	480	471
934	476	480
935	470	472
936	476	464
937	472	480
938	484	483
939	483	482
940	482	481
941	481	484
942	481	472
943	470	484
944	471	483
945	480	482
946	101	486
947	486	485
948	485	100
949	117	488
950	488	487
951	487	102
952	104	490
953	490	489
954	489	103
955	105	491
956	491	490
957	106	492
958	492	491
959	107	493
960	493	492
961	109	495
962	495	494
963	494	108
964	494	493
965	110	496
966	496	495
967	487	496
968	485	488
969	486	498
970	498	497
971	497	485
972	488	500
973	500	499
974	499	487
975	490	502
976	502	501
977	501	489
978	491	503
979	503	502
980	492	504
981	504	503
982	493	505
983	505	504
984	495	507
985	507	506
986	506	494
987	506	505
988	496	508
989	508	507
990	499	508
991	497	500
992	386	510
993	510	509
994	509	385
995	389	511
996	511	512
997	512	388
998	512	510
999	509	513
1000	513	387
1001	390	514
1002	514	511
1003	513	515
1004	515	383
1005	391	516
1006	516	514
1007	392	518
1008	518	516
1009	515	517
1010	517	382
1011	517	519
1012	519	384
1013	393	520
1014	520	518
1015	394	521
1016	521	520
1017	519	522
1018	522	397
1019	522	523
1020	523	396
1021	523	524
1022	524	395
1023	524	521
1024	510	526
1025	525	509
1026	511	527
1027	528	512
1028	529	513
1029	514	530
1030	531	515
1031	516	532
1032	518	534
1033	533	517
1034	535	519
1035	520	536
1036	521	537
1037	538	522
1038	539	523
1039	540	524
1040	594	601
1041	601	602
1042	602	593
1043	593	594
1044	541	542
1045	542	546
1046	546	545
1047	545	541
1048	7	544
1049	544	543
1050	543	6
1051	548	546
1052	542	547
1053	547	548
1054	550	548
1055	547	549
1056	549	550
1057	549	551
1058	551	552
1059	552	550
1060	554	553
1061	553	552
1062	551	554
1063	556	553
1064	554	555
1065	555	556
1066	558	556
1067	555	557
1068	557	558
1069	560	634
1070	634	635
1071	635	559
1072	559	560
1073	23	560
1074	559	22
1075	604	561
1076	561	25
1077	77	604
1078	637	561
1079	604	636
1080	636	637
1081	562	605
1082	605	606
1083	606	563
1084	563	562
1085	607	564
1086	564	563
1087	606	607
1088	608	565
1089	565	564
1090	607	608
1091	608	609
1092	609	566
1093	566	565
1094	567	566
1095	609	610
1096	610	567
1097	566	568
1098	568	569
1099	569	565
1100	569	570
1101	570	564
1102	571	563
1103	570	571
1104	561	572
1105	572	37
1106	638	572
1107	637	638
1108	573	562
1109	571	573
1110	577	576
1111	576	575
1112	575	574
1113	574	577
1114	577	43
1115	44	576
1116	46	578
1117	578	560
1118	578	633
1119	633	634
1120	558	579
1121	579	580
1122	580	556
1123	580	581
1124	581	553
1125	581	582
1126	582	552
1127	582	583
1128	583	550
1129	583	584
1130	584	548
1131	585	546
1132	584	585
1133	585	586
1134	586	545
1135	594	595
1136	595	600
1137	600	601
1138	543	587
1139	587	56
1140	588	567
1141	567	574
1142	575	588
1143	588	568
1144	610	611
1145	611	574
1146	611	612
1147	612	589
1148	589	574
1149	590	577
1150	589	590
1151	589	591
1152	591	592
1153	592	590
1154	545	594
1155	593	541
1156	586	595
1157	612	613
1158	613	591
1159	613	614
1160	614	603
1161	603	591
1162	598	69
1163	577	598
1164	592	598
1165	592	66
1166	592	599
1167	599	71
1168	543	601
1169	600	587
1170	544	602
1171	614	615
1172	615	596
1173	596	603
1174	559	604
1175	635	636
1176	605	557
1177	555	606
1178	554	607
1179	551	608
1180	549	609
1181	547	610
1182	542	611
1183	541	612
1184	593	613
1185	602	614
1186	544	615
1187	597	616
1188	616	91
1189	68	597
1190	597	596
1191	615	616
1192	616	617
1193	617	93
1194	544	617
1195	620	618
1196	618	599
1197	592	620
1198	591	621
1199	621	620
1200	597	619
1201	619	622
1202	622	596
1203	622	623
1204	623	603
1205	623	621
1206	118	640
1207	640	624
1208	624	101
1209	640	641
1210	641	639
1211	639	624
1212	626	649
1213	649	129
1214	103	626
1215	627	648
1216	648	649
1217	626	627
1218	628	647
1219	647	648
1220	627	628
1221	646	647
1222	628	629
1223	629	646
1224	631	644
1225	644	645
1226	645	630
1227	630	631
1228	629	630
1229	645	646
1230	643	644
1231	631	632
1232	632	643
1233	632	625
1234	625	642
1235	642	643
1236	633	579
1237	558	634
1238	557	635
1239	605	636
1240	562	637
1241	573	638
1242	641	642
1243	625	639
1244	572	640
1245	638	641
1246	573	642
1247	571	643
1248	570	644
1249	569	645
1250	568	646
1251	588	647
1252	575	648
1253	576	649
1254	650	651
1255	651	133
1256	131	650
1257	651	578
1258	579	652
1259	652	653
1260	653	580
1261	657	654
1262	654	655
1263	655	656
1264	656	657
1265	654	653
1266	652	655
1267	659	657
1268	656	658
1269	658	659
1270	661	660
1271	660	658
1272	656	661
1273	662	661
1274	655	662
1275	663	662
1276	652	663
1277	664	663
1278	579	664
1279	665	664
1280	633	665
1281	651	665
1282	650	666
1283	666	665
1284	668	667
1285	667	660
1286	661	668
1287	662	669
1288	669	668
1289	670	669
1290	663	670
1291	671	670
1292	664	671
1293	666	671
1294	659	672
1295	672	654
1296	673	653
1297	672	673
1298	673	581
1299	660	676
1300	676	677
1301	677	658
1302	676	765
1303	765	766
1304	766	677
1305	677	678
1306	678	659
1307	678	679
1308	679	672
1309	679	680
1310	680	673
1311	680	582
1312	684	716
1313	716	717
1314	717	683
1315	683	684
1316	718	685
1317	685	683
1318	717	718
1319	715	716
1320	684	687
1321	687	715
1322	692	724
1323	724	725
1324	725	691
1325	691	692
1326	692	693
1327	693	723
1328	723	724
1329	693	695
1330	695	722
1331	722	723
1332	695	697
1333	697	721
1334	721	722
1335	712	699
1336	699	719
1337	719	720
1338	720	712
1339	699	685
1340	718	719
1341	725	726
1342	726	702
1343	702	691
1344	704	702
1345	726	727
1346	727	704
1347	706	704
1348	727	728
1349	728	706
1350	708	709
1351	709	713
1352	713	714
1353	714	708
1354	714	715
1355	687	708
1356	709	706
1357	728	713
1358	697	712
1359	720	721
1360	713	710
1361	710	707
1362	707	714
1363	707	688
1364	688	715
1365	688	681
1366	681	716
1367	681	682
1368	682	717
1369	686	718
1370	682	686
1371	686	700
1372	700	719
1373	700	711
1374	711	720
1375	711	698
1376	698	721
1377	698	696
1378	696	722
1379	696	694
1380	694	723
1381	694	689
1382	689	724
1383	689	690
1384	690	725
1385	690	701
1386	701	726
1387	701	703
1388	703	727
1389	703	705
1390	705	728
1391	705	710
1392	730	751
1393	751	752
1394	752	729
1395	729	730
1396	753	731
1397	731	729
1398	752	753
1399	753	754
1400	754	732
1401	732	731
1402	755	733
1403	733	732
1404	754	755
1405	756	734
1406	734	733
1407	755	756
1408	757	735
1409	735	734
1410	756	757
1411	757	758
1412	758	736
1413	736	735
1414	758	759
1415	759	737
1416	737	736
1417	759	744
1418	744	738
1419	738	737
1420	745	739
1421	739	738
1422	744	745
1423	746	740
1424	740	739
1425	745	746
1426	746	747
1427	747	741
1428	741	740
1429	748	742
1430	742	741
1431	747	748
1432	748	749
1433	749	743
1434	743	742
1435	685	745
1436	744	683
1437	699	746
1438	712	747
1439	697	748
1440	695	749
1441	693	750
1442	750	749
1443	751	750
1444	692	751
1445	691	752
1446	702	753
1447	704	754
1448	706	755
1449	709	756
1450	708	757
1451	687	758
1452	684	759
1453	585	742
1454	743	586
1455	584	741
1456	583	740
1457	583	760
1458	760	739
1459	680	760
1460	760	761
1461	761	738
1462	679	761
1463	763	737
1464	738	762
1465	762	763
1466	761	764
1467	764	762
1468	678	764
1469	765	674
1470	674	675
1471	675	766
1472	766	764
1473	675	762
1474	767	763
1475	675	767
1476	674	768
1477	768	767
1478	743	769
1479	769	595
1480	750	769
1481	730	769
1482	730	600
1483	587	770
1484	770	253
1485	730	770
1486	771	254
1487	770	771
1488	729	771
1489	771	772
1490	772	257
1491	731	772
1492	763	773
1493	773	736
1494	773	774
1495	774	735
1496	774	775
1497	775	734
1498	775	776
1499	776	733
1500	776	777
1501	777	732
1502	777	772
1503	821	789
1504	789	276
1505	313	821
1506	824	786
1507	786	787
1508	787	823
1509	823	824
1510	788	822
1511	822	823
1512	787	788
1513	788	789
1514	821	822
1515	785	825
1516	825	826
1517	826	784
1518	784	785
1519	785	786
1520	824	825
1521	812	785
1522	784	811
1523	811	812
1524	812	813
1525	813	786
1526	813	814
1527	814	787
1528	815	788
1529	814	815
1530	815	816
1531	816	789
1532	816	308
1533	777	277
1534	777	790
1535	790	279
1536	790	796
1537	796	287
1538	767	792
1539	792	773
1540	792	793
1541	793	774
1542	793	794
1543	794	775
1544	794	795
1545	795	776
1546	795	790
1547	796	941
1548	941	453
1549	795	797
1550	797	796
1551	794	798
1552	798	797
1553	793	799
1554	799	798
1555	792	800
1556	800	799
1557	768	800
1558	802	801
1559	801	667
1560	668	802
1561	935	936
1562	936	768
1563	674	935
1564	806	805
1565	805	803
1566	803	804
1567	804	806
1568	932	806
1569	804	931
1570	931	932
1571	928	808
1572	808	807
1573	807	927
1574	927	928
1575	810	809
1576	809	801
1577	802	810
1578	669	812
1579	811	668
1580	670	813
1581	671	814
1582	666	815
1583	650	816
1584	818	810
1585	802	817
1586	817	818
1587	811	817
1588	820	818
1589	817	819
1590	819	820
1591	784	819
1592	778	821
1593	263	778
1594	781	822
1595	778	781
1596	781	779
1597	779	823
1598	780	824
1599	779	780
1600	782	825
1601	780	782
1602	782	783
1603	783	826
1604	827	819
1605	826	827
1606	827	828
1607	828	820
1608	830	828
1609	827	829
1610	829	830
1611	783	829
1612	936	937
1613	937	800
1614	832	791
1615	791	281
1616	326	832
1617	797	940
1618	940	941
1619	798	939
1620	939	940
1621	938	939
1622	799	938
1623	937	938
1624	831	803
1625	805	836
1626	836	831
1627	835	831
1628	836	837
1629	837	835
1630	837	838
1631	838	834
1632	834	835
1633	838	839
1634	839	833
1635	833	834
1636	839	791
1637	832	833
1638	830	840
1639	840	841
1640	841	828
1641	841	842
1642	842	820
1643	842	843
1644	843	818
1645	844	810
1646	843	844
1647	844	845
1648	845	809
1649	846	808
1650	928	929
1651	929	846
1652	933	847
1653	847	806
1654	932	933
1655	847	848
1656	848	805
1657	850	343
1658	344	849
1659	849	850
1660	850	934
1661	934	445
1662	930	440
1663	345	851
1664	851	930
1665	853	347
1666	346	852
1667	852	853
1668	853	854
1669	854	348
1670	855	349
1671	854	855
1672	855	856
1673	856	350
1674	856	857
1675	857	351
1676	847	850
1677	849	848
1678	933	934
1679	929	930
1680	851	846
1681	844	853
1682	852	845
1683	843	854
1684	842	855
1685	841	856
1686	840	857
1687	791	858
1688	858	362
1689	848	859
1690	859	836
1691	860	859
1692	849	860
1693	365	860
1694	862	838
1695	837	861
1696	861	862
1697	862	863
1698	863	839
1699	863	858
1700	864	861
1701	836	864
1702	865	864
1703	859	865
1704	372	866
1705	866	860
1706	866	865
1707	861	868
1708	868	867
1709	867	862
1710	865	868
1711	869	866
1712	376	869
1713	869	868
1714	870	378
1715	373	867
1716	867	870
1717	870	869
1718	871	863
1719	867	871
1720	871	872
1721	872	858
1722	373	872
1723	711	873
1724	873	874
1725	874	698
1726	875	873
1727	700	875
1728	694	876
1729	876	877
1730	877	689
1731	878	876
1732	696	878
1733	874	878
1734	877	879
1735	879	690
1736	879	880
1737	880	701
1738	880	881
1739	881	703
1740	881	882
1741	882	705
1742	882	883
1743	883	710
1744	883	884
1745	884	707
1746	884	885
1747	885	688
1748	885	886
1749	886	681
1750	886	887
1751	887	682
1752	887	888
1753	888	686
1754	888	875
1755	1010	1009
1756	1009	1011
1757	1011	1012
1758	1012	1010
1759	1009	1013
1760	1013	1014
1761	1014	1011
1762	1013	1015
1763	1015	1016
1764	1016	1014
1765	1017	1018
1766	1018	1016
1767	1015	1017
1768	1017	1019
1769	1019	1020
1770	1020	1018
1771	1021	1020
1772	1019	1022
1773	1022	1021
1774	1022	1023
1775	1023	1024
1776	1024	1021
1777	619	618
1778	618	623
1779	890	889
1780	889	674
1781	765	890
1782	891	890
1783	676	891
1784	660	892
1785	892	891
1786	667	893
1787	893	894
1788	894	660
1789	893	895
1790	895	896
1791	896	894
1792	895	897
1793	897	898
1794	898	896
1795	897	899
1796	899	900
1797	900	898
1798	894	901
1799	901	892
1800	896	902
1801	902	901
1802	898	903
1803	903	902
1804	899	904
1805	904	905
1806	905	900
1807	904	908
1808	908	909
1809	909	905
1810	908	906
1811	906	907
1812	907	909
1813	906	910
1814	910	911
1815	911	907
1816	910	912
1817	912	913
1818	913	911
1819	890	913
1820	912	889
1821	915	914
1822	914	890
1823	891	915
1824	914	916
1825	916	913
1826	918	895
1827	893	917
1828	917	918
1829	918	919
1830	919	897
1831	919	920
1832	920	899
1833	920	921
1834	921	904
1835	921	906
1836	923	922
1837	922	921
1838	920	923
1839	922	910
1840	922	924
1841	924	912
1842	917	925
1843	925	919
1844	925	923
1845	924	926
1846	926	889
1847	801	917
1848	809	928
1849	927	801
1850	845	929
1851	852	930
1852	927	925
1853	807	923
1854	808	932
1855	931	807
1856	846	933
1857	851	934
1858	931	922
1859	803	936
1860	935	804
1861	831	937
1862	835	938
1863	834	939
1864	833	940
1865	832	941
1866	926	935
1867	804	924
1868	900	942
1869	942	903
1870	905	943
1871	943	942
1872	907	944
1873	944	945
1874	945	909
1875	911	946
1876	946	944
1877	916	946
1878	945	943
1879	948	947
1880	947	916
1881	914	948
1882	944	949
1883	949	943
1884	946	950
1885	950	949
1886	947	950
1887	949	951
1888	951	942
1889	953	952
1890	952	901
1891	902	953
1892	955	954
1893	954	891
1894	892	955
1895	957	956
1896	956	954
1897	955	957
1898	958	891
1899	956	958
1900	958	959
1901	959	915
1902	960	957
1903	892	960
1904	952	960
1905	903	961
1906	961	953
1907	963	962
1908	962	947
1909	948	963
1910	961	965
1911	965	964
1912	964	953
1913	963	965
1914	961	962
1915	951	966
1916	966	903
1917	966	962
1918	966	950
1919	967	948
1920	915	967
1921	967	965
1922	959	968
1923	968	967
1924	968	964
1925	960	958
1926	968	960
1927	952	964
1928	972	969
1929	969	970
1930	970	971
1931	971	972
1932	972	958
1933	960	969
1934	971	959
1935	970	968
1936	624	973
1937	973	486
1938	625	974
1939	974	975
1940	975	639
1941	489	976
1942	976	626
1943	976	977
1944	977	627
1945	977	978
1946	978	628
1947	978	979
1948	979	629
1949	630	980
1950	980	981
1951	981	631
1952	979	980
1953	981	982
1954	982	632
1955	982	974
1956	975	973
1957	973	983
1958	983	498
1959	974	984
1960	984	985
1961	985	975
1962	501	986
1963	986	976
1964	986	987
1965	987	977
1966	987	988
1967	988	978
1968	988	989
1969	989	979
1970	980	990
1971	990	991
1972	991	981
1973	989	990
1974	991	992
1975	992	982
1976	992	984
1977	985	983
1978	876	993
1979	993	994
1980	994	877
1981	879	996
1982	996	995
1983	995	880
1984	994	996
1985	878	997
1986	997	993
1987	995	998
1988	998	881
1989	874	999
1990	999	997
1991	998	1000
1992	1000	882
1993	1000	1002
1994	1002	883
1995	873	1001
1996	1001	999
1997	875	1003
1998	1003	1001
1999	1002	1004
2000	1004	884
2001	1004	1005
2002	1005	885
2003	888	1006
2004	1006	1003
2005	887	1007
2006	1007	1006
2007	886	1008
2008	1008	1007
2009	1005	1008
2010	993	1009
2011	1010	994
2012	996	1012
2013	1011	995
2014	997	1013
2015	1014	998
2016	999	1015
2017	1016	1000
2018	1018	1002
2019	1001	1017
2020	1003	1019
2021	1020	1004
2022	1021	1005
2023	1006	1022
2024	1007	1023
2025	1008	1024
2026	67	72
2027	71	68
2028	599	597