Vertex_ID	X	Y	Z
0	-1.582673907	-1.606490612	12.47820187
1	-2.166256666	-2.420493126	12.19763851
2	-0.601602912	0.328765899	13.6113348
3	-0.74595511	-0.394655466	14.09568977
4	-1.779382348	-0.843516231	12.34245777
5	-2.574174166	-1.601828933	12.06241226
6	0.000145342	0.408155352	13.92063999
7	-0.000531097	-0.153178752	14.44042873
8	-2.740713596	-3.224361658	11.9246397
9	-3.354465485	-2.491703749	11.68217945
10	-3.418911695	-4.072862625	11.4618082
11	-4.143021584	-3.485208988	11.07623672
12	-3.867071152	-4.927636147	10.92309189
13	-4.646870613	-4.62038517	10.29192448
14	-4.66486454	-5.861983299	9.636773109
15	-3.882162094	-5.800882816	10.51323032
16	-3.530425787	-6.784573555	10.43814468
17	-4.207000732	-7.388584137	9.294101715
18	-2.870995998	-7.820976257	10.84223747
19	-3.348562241	-8.679747581	9.670288086
20	-1.13040626	-8.757919312	11.94091129
21	-1.258401036	-9.962534904	11.43209267
22	0.00016994	-8.708686829	12.26955032
23	-0.000801673	-10.06203365	11.74201298
24	-1.031707644	-6.951826096	12.21061325
25	-0.000112935	-6.972082138	12.25260258
26	-2.18859148	-6.481380939	11.88393021
27	-2.635754585	-6.026899338	11.52603245
28	-2.868412971	-5.675286293	11.44080162
29	-2.872680664	-5.339575291	11.61073589
30	-2.616396427	-4.893334866	11.94000053
31	-2.143774271	-4.359452248	12.31427002
32	-2.333939791	-5.310549736	12.18128109
33	-2.564691782	-5.544795036	11.78193569
34	-2.574998379	-5.695678234	11.63504982
35	-2.385238647	-5.840078831	11.77948761
36	-1.014046431	-6.453253269	12.69586658
37	-0.000112935	-6.508045197	12.79338455
38	-1.98463881	-6.05378437	12.20950699
39	-1.487701774	-3.750693321	12.70622253
40	-1.406787157	-4.657010555	13.07566929
41	-0.696156859	-4.359218121	13.49475479
42	-0.730323196	-3.702567101	13.24491405
43	0.000194538	-3.804254532	13.23544407
44	-0.000900064	-4.372119427	13.51079082
45	-1.08567524	-10.60376263	10.14893723
46	-0.000457304	-10.71443939	10.37393284
47	-3.848340034	-9.16683197	7.653146267
48	-4.9389081	-7.671495438	7.696622372
49	-5.617143154	-5.623163223	8.453288078
50	-5.640142441	-4.097779751	9.324467659
51	-5.272909641	-2.405673265	10.36860752
52	-4.027744293	-1.563210726	11.38999462
53	-3.066818953	-0.861988902	11.77358532
54	-2.096275806	-0.11967665	11.98171902
55	-0.617775977	1.113792419	13.00920582
56	-0.001564205	1.187511921	13.27290726
57	-1.939612389	-4.972490311	12.61754608
58	-1.25027144	-2.652007341	12.60378551
59	-1.004096627	-2.792116404	12.81900311
60	-1.263960123	-2.56223774	12.91829205
61	-0.761033595	-2.599023819	13.0631237
62	-1.338479161	-1.04561162	12.97592545
63	-1.287524819	-0.373931885	12.58415508
64	-1.442859888	0.34357363	12.21007252
65	-0.903750002	-1.91054368	14.16238785
66	0.000932472	-2.796126366	13.5728035
67	-0.546958923	-2.069101095	14.21951675
68	9.61E-05	-2.210551023	14.53115749
69	0.000452814	-3.078127861	13.38541698
70	-0.537144363	-3.059458017	13.2752924
71	0.00028063	-2.577353477	13.92066479
72	-0.436736167	-2.325028896	13.73362255
73	-1.012324691	0.764146984	12.62486553
74	-0.936440468	-0.002000719	13.08697128
75	-0.980359793	-0.63685751	13.49017906
76	-1.249090672	-2.154369831	13.66597939
77	-0.000149832	-7.42787981	12.03745747
78	-0.987812936	-7.493998528	11.95056629
79	-2.425849438	-7.013098717	11.51792717
80	-2.998043537	-6.253937721	11.14047432
81	-3.300571442	-5.69127512	11.10951805
82	-3.309537649	-5.133249283	11.33958149
83	-2.984330177	-4.473978996	11.70247269
84	-2.448873043	-3.764172077	12.06825447
85	-1.921077967	-3.023286819	12.3152771
86	-1.527685404	-2.25225687	12.48257923
87	-1.640810847	-1.875590801	13.03906727
88	-1.347728014	-1.515958309	13.732934
89	-1.036528826	-1.353428364	14.23655033
90	-0.694853187	-1.499576449	14.72912121
91	-0.000432706	-1.528897047	15.00681782
92	-0.62141645	-0.8242805	14.69800472
93	-0.000457304	-0.788589358	14.98493862
94	-0.645165622	-1.784074068	13.53596783
95	-0.456967861	-1.601029873	13.8848505
96	-0.833092809	-1.948079824	13.04045773
97	-1.071015	-1.9608953	13.09982395
98	-0.696587324	-1.514002562	13.93342972
99	-0.929921985	-1.771504879	13.59545708
100	-0.779604852	-5.331482887	12.60211182
101	0.001473623	-5.306442738	12.62581253
102	-1.65864408	-5.457841873	12.14075565
103	-0.000789374	-5.361405849	12.77796173
104	-0.673735976	-5.313563347	12.77242756
105	-1.217162848	-5.428496838	12.58603764
106	-1.688382983	-5.518770218	12.29193401
107	-2.072686434	-5.591087341	11.91601849
108	-2.375239611	-5.613090515	11.58499336
109	-2.368302822	-5.682923794	11.53201008
110	-2.059821844	-5.576464176	11.80558586
111	-2.432392597	-10.03491402	9.067777634
112	-2.376801252	-9.451687813	10.60500526
113	-2.088871956	-8.479718208	11.36403084
114	-1.797400475	-7.419122696	11.74549389
115	-1.668630838	-6.83247757	12.10790539
116	-1.552652121	-6.300943851	12.49326706
117	-1.282002568	-5.394207001	12.40119743
118	0.000329825	-5.992339611	12.98823547
119	-1.000357866	-5.948641777	12.84093285
120	-1.476312876	-5.857801437	12.58863258
121	-1.850629926	-5.736940384	12.28451824
122	-2.235118151	-5.675666809	11.8811388
123	-2.415383101	-5.688912868	11.68794727
124	-2.400206089	-5.666344643	11.78684235
125	-2.173672915	-5.575763226	12.18613911
126	-1.846891165	-5.352882862	12.62925529
127	-1.364466786	-5.133310795	13.03168774
128	-0.710140705	-4.85544157	13.33216286
129	0.001313737	-4.862870216	13.43999863
130	-0.767256796	-10.32177353	6.275693893
131	-0.004392952	-10.37502766	6.262496948
132	-0.853250682	-10.36649227	8.115215302
133	-0.000149832	-10.38885307	8.146406174
134	-5.422537804	-7.920979023	5.595355511
135	-5.901407719	-6.95727396	6.181902409
136	-7.104338646	-5.840693951	4.495637417
137	-6.843183994	-6.571249008	3.740312338
138	-7.743020535	-4.749928951	1.916398048
139	-7.848692894	-4.525301933	3.14773941
140	-8.246192932	-2.195435762	2.432054043
141	-8.077611923	-2.880176544	3.7490201
142	-8.239981651	-1.909559965	1.230451584
143	-7.352567673	-4.967607021	1.122258067
144	-6.380941868	-7.00373888	3.129303217
145	-4.847121239	-8.382225037	4.892165661
146	-3.321307659	-9.456140518	6.607136726
147	-2.045801163	-10.16144466	7.644032478
148	-1.746974707	-10.13845921	6.140319824
149	-7.959063053	-2.175375938	0.442756206
150	-6.925302982	-5.137074471	0.28669548
151	-6.078105927	-7.324077129	2.230647326
152	-4.504498482	-8.671667099	4.017259121
153	-2.872766972	-9.734919548	5.488465309
154	-7.397520065	-4.050478458	5.354887486
155	-6.45597744	-5.056959152	7.051729679
156	-8.625355721	3.067041874	1.561734557
157	-8.563221931	3.008794308	3.496056557
158	-8.65674305	0.06339255	1.678377509
159	-8.433616638	-0.274261296	2.797085285
160	-8.164281845	-1.0811553	4.241566181
161	-7.514716148	-2.16819334	5.994122982
162	-6.631421566	-3.25203371	7.851158142
163	-5.171185017	2.456770658	10.21621227
164	-5.153007507	2.365561962	10.13120174
165	-5.515800476	2.214642286	9.962337494
166	-5.636846066	2.48878479	9.954602242
167	-5.314787388	1.864701867	10.27243042
168	-5.059929371	2.210632801	10.39750957
169	-5.214674473	2.81182766	10.39934254
170	-4.943335533	2.613938332	10.52477932
171	-2.286921024	2.064731121	10.46718311
172	-2.252410412	2.207189083	10.43508244
173	-1.872583508	2.270971298	10.56701279
174	-1.945405364	1.982722044	10.66824532
175	-2.424238443	1.713609457	10.87227154
176	-2.691923857	2.0427773	10.8324604
177	-3.073632479	1.453365088	11.02602005
178	-3.193522215	1.887036324	11.01454544
179	-3.73178339	1.265683651	11.01239395
180	-3.733136177	1.773566604	11.07365417
181	-4.911260128	1.457509518	10.62004662
182	-4.77539444	1.97144413	10.73757458
183	-2.617552519	2.491699457	10.79070568
184	-2.408987761	2.810179472	10.80692768
185	-3.155641556	2.787844658	11.05300426
186	-3.047165155	3.199648857	11.11194134
187	-3.641743183	2.885916233	11.16320229
188	-3.63475728	3.33967185	11.21348
189	-4.562438965	2.788349152	10.87095642
190	-4.766158104	3.13214016	10.93621445
191	-4.304813862	3.326683998	11.11272812
192	-4.214822769	2.882251024	11.07437992
193	-4.314394474	1.816059589	10.98572922
194	-4.378447056	1.262129426	10.88778019
195	-4.259074211	3.157193184	11.11095715
196	-4.685341835	3.024008274	10.9058485
197	-5.098658562	2.741637707	10.47168446
198	-5.386059761	2.476879358	10.13569164
199	-5.315856934	2.288669109	10.08212948
200	-5.169057369	2.034241915	10.38203812
201	-4.860096931	1.741441965	10.72891617
202	-4.358658314	1.560746431	10.98618507
203	-3.738978624	1.549345374	11.06300259
204	-3.159429789	1.683588028	11.05996513
205	-2.613616705	1.888290882	10.89921951
206	-2.148890495	2.029814482	10.53492546
207	-2.107111216	2.2164011	10.57867241
208	-2.493727207	2.680475235	10.81099892
209	-3.076092243	3.054521799	11.11735249
210	-3.632383823	3.174977303	11.1984024
211	-1.019716263	2.567337751	11.44179821
212	-1.100298643	1.710190296	11.84164715
213	-1.728932381	3.571715117	11.65247726
214	-2.626739502	4.169281483	11.79729748
215	-3.686117887	4.543217659	11.71716976
216	-4.79566288	4.699044704	11.34506607
217	-5.886808872	4.395065308	10.51907253
218	-6.624127865	3.824186802	9.505753517
219	-7.118839264	2.932184696	8.249137878
220	-7.32846117	1.382055998	7.831959724
221	-6.526930332	-0.014520854	9.359372139
222	-5.457429409	-0.647889853	10.49356365
223	-4.346679211	-0.51144582	11.14680767
224	-3.407424688	-0.15311718	11.44800758
225	-2.397242069	0.461692303	11.59146309
226	-6.220896244	1.991146803	9.388484001
227	-5.893941879	1.285005331	9.98015976
228	-5.22601366	0.74820745	10.62786865
229	-4.442647457	0.581877232	11.00223446
230	-3.648679733	0.679137051	11.14560318
231	-2.782419443	1.041917682	11.12746239
232	-1.967543364	1.433268666	11.09175777
233	-1.451235533	1.828665733	10.90316677
234	-1.369964361	2.421473026	10.79443264
235	-2.070546627	3.198590994	11.21499348
236	-2.873812199	3.662567139	11.46948242
237	-3.677065849	3.892679214	11.52397823
238	-4.594784737	3.989373684	11.35382271
239	-5.377339363	3.691617012	10.90065765
240	-5.969949722	3.160489082	10.16003036
241	-6.320947647	2.573327541	9.448415756
242	-6.709089279	-1.580183506	8.688282967
243	-7.668218613	-0.442006022	6.711296558
244	-8.208374023	2.4187181	5.361454964
245	-7.950994968	3.768965006	6.470274925
246	-8.250977516	0.594754338	4.695322037
247	-8.672460556	1.602993488	1.732873917
248	-8.469590187	1.182887793	3.033999205
249	-8.502674103	4.793365002	4.646286488
250	-8.955421448	5.700003147	2.842529774
251	-1.671533227	0.986068308	11.70307541
252	-0.71150589	1.916283131	12.35064888
253	0.000231434	2.055826426	12.56549931
254	-0.000137533	2.819649696	12.0471983
255	-0.729855895	2.706425905	11.85592556
256	-0.979584932	3.909368992	11.93061638
257	-0.000125234	3.956818581	12.00811195
258	-7.210416794	4.815035343	8.322772026
259	-6.32105875	5.458071232	9.886035919
260	-4.88420248	5.70023632	11.05299282
261	-3.477196455	5.640008926	11.63837051
262	-1.586830854	4.976667404	11.98927116
263	-0.000580293	-17.84911728	1.573221803
264	-0.934964538	-17.81090546	1.497841835
265	-3.415959835	-17.12455368	0.722962022
266	-5.289980412	-15.8918705	-0.870360375
267	-1.976386189	-17.5280056	1.357868075
268	-6.420851707	-14.04979134	-2.898670197
269	-6.437664032	-12.7952919	-4.735203743
270	-6.391543388	-9.201024055	-1.97098887
271	-6.216284752	-10.5773077	-0.147172809
272	-4.759110451	-12.29942513	1.48244369
273	-2.906170845	-13.54557228	2.790788174
274	-1.796145797	-14.09403038	3.534551859
275	-0.894550383	-14.47094154	3.879486799
276	-0.000580293	-14.56217575	3.998823166
277	-0.000186728	5.011165619	12.03721142
278	-1.584555626	6.379664421	11.78263664
279	-0.000432706	6.256786346	11.89309311
280	-1.653343201	13.48364449	8.411606789
281	0.000686494	13.49516773	8.591428757
282	-7.630792618	5.943115234	6.855684757
283	-6.601719379	6.634079456	9.145936966
284	-4.907841206	6.919672489	10.57546329
285	-3.25404501	6.878237247	11.29995346
286	-1.680044174	8.133462906	11.33377552
287	-0.000125234	8.062535286	11.49982357
288	-3.210740566	8.313826561	10.87959003
289	-4.994867802	8.370388985	10.04402733
290	-6.855297565	8.107881546	8.163760185
291	-8.150654793	7.273400784	5.356190681
292	-8.059519768	-1.339764595	-1.250802159
293	-7.050124645	-3.646705627	-1.613890409
294	-9.153606415	6.749799728	0.377362967
295	-8.571043968	3.588798046	-0.656187356
296	-8.998109818	7.570702553	-2.647207022
297	-8.870177269	4.310042381	-3.981588364
298	-8.387876511	1.07965064	-1.748034358
299	-8.344842911	1.527133703	-4.282542706
300	-7.644087791	-0.868790388	-4.246273041
301	-6.824710369	-2.786471605	-4.176415443
302	-6.604117393	-7.276726246	-0.712553203
303	-5.979197979	-8.847970963	1.053482652
304	-4.401655197	-10.38721561	2.585691929
305	-2.74138999	-11.55257416	3.981371164
306	-1.721159458	-12.07927418	4.75591898
307	-0.820830822	-12.40717411	5.0441432
308	-0.000752478	-12.48751068	5.117629528
309	-6.260486603	-5.757664204	-2.697866201
310	-5.980834007	-4.464840412	-4.386689663
311	-5.779427528	-7.840851307	-4.192256451
312	-5.18594408	-6.563696861	-5.390169144
313	2.24E-05	-16.45228386	2.809359789
314	-0.948382676	-16.36636353	2.681266546
315	-1.913145304	-16.00539017	2.386375666
316	-3.240491629	-15.5649662	1.722751856
317	-5.255678654	-14.41917706	0.29246366
318	-6.388444424	-12.64333916	-1.699220061
319	-6.434429646	-11.25859356	-3.534130096
320	-5.857291698	-9.788358688	-5.76957798
321	-5.053509712	-9.026380539	-7.265443802
322	-6.053938866	-11.61182976	-7.094120026
323	-5.265419483	-11.07715988	-8.758628845
324	-8.642967224	8.961350441	3.515107632
325	-1.706044078	10.36813641	10.46017265
326	-0.000358913	10.29394913	10.65637684
327	-3.2037673	10.46871662	9.997844696
328	-5.008249283	10.45721722	9.148077011
329	-7.067564487	10.15190983	6.889986992
330	-8.575643539	11.01900578	1.208018303
331	-6.906940937	12.42732811	5.268807411
332	-4.769588947	13.04288864	7.319587708
333	-3.204652548	13.33694267	8.004057884
334	-3.722411871	-10.97796917	-9.673986435
335	-3.814345837	-8.618942261	-8.201992035
336	-4.249493599	-6.060709476	-6.60253334
337	-4.988177776	-3.834522247	-5.917681217
338	-5.519317627	-2.239514589	-6.313336372
339	-6.323960781	-0.480255842	-6.945327759
340	-7.102530479	1.871146202	-7.464697838
341	-7.532856941	4.882544041	-7.431675911
342	-7.671686649	8.001188278	-6.447640896
343	0.00463444	5.333851814	-11.85021496
344	0.00262972	8.567676544	-11.60823441
345	0.001141553	2.377000093	-11.22769356
346	0.001572014	0.114887923	-9.913741112
347	0.002937192	-1.799644709	-8.234905243
348	0.005962722	-3.811732531	-7.196656227
349	0.005163293	-5.851110935	-7.490009308
350	0.003109377	-8.348549843	-8.67638588
351	0.000243733	-10.82169914	-9.974927902
352	-4.485238552	8.369220734	-9.972198486
353	-4.463568211	5.219079018	-10.49647427
354	-4.28271246	2.090706348	-10.12139606
355	-3.925380707	-0.284506321	-9.046005249
356	-3.326904058	-2.07730484	-7.797260284
357	-2.924225569	-3.808264256	-7.154630661
358	-2.432171106	-5.870519161	-7.447750092
359	-2.061580658	-8.398212433	-8.632318497
360	-1.741636992	-10.87236977	-10.03762817
361	-1.741821647	15.55797672	5.606867313
362	-6.37E-05	15.64698315	5.731418133
363	-7.501605511	11.59888744	-4.441850185
364	-4.40249157	12.10888577	-8.267755508
365	9.61E-05	12.45924377	-10.02919102
366	-6.222679615	14.54735088	2.921845436
367	-4.521090031	15.0157671	4.685224533
368	-3.282627821	15.30251694	5.271746635
369	-7.295660496	13.84307861	1.07173419
370	-6.485556602	14.51017094	-2.451433182
371	-3.968869448	15.02411842	-5.654717922
372	-0.000174429	15.31812286	-6.879553795
373	-3.91E-05	16.71850014	2.528969288
374	-3.883318424	16.16404152	2.009685278
375	-5.341549397	15.73783493	-0.338605166
376	-3.91E-05	16.8889389	-3.390527964
377	-3.421814203	16.45602989	-2.862203836
378	-5.14E-05	17.07097435	-0.409286976
379	-3.155161619	16.67741013	-0.338285446
380	-3.071886063	16.05116272	3.521600962
381	-1.802602768	16.26850891	3.761073112
382	-4.25385952	1.913233042	10.83864689
383	-3.724453211	1.867727041	10.92389011
384	-4.659145355	2.054818153	10.63254166
385	-2.80108881	2.045495749	10.68257332
386	-2.519235134	2.098417521	10.33762741
387	-3.235904217	1.955516815	10.85662746
388	-2.422786951	2.26279211	10.25106716
389	-2.697864294	2.517219782	10.65262699
390	-3.170928955	2.781609058	10.97311115
391	-3.631977797	2.893418312	11.08929825
392	-4.18085289	2.878573895	10.95403481
393	-4.511915207	2.776541948	10.76924419
394	-4.841746807	2.607825756	10.47758865
395	-5.021212578	2.472341061	10.18547726
396	-5.01318121	2.391611338	10.09863472
397	-4.942512035	2.276309013	10.29494953
398	-8.596108437	2.617431164	0.876280129
399	-8.928782463	1.804191232	0.918145597
400	-8.794219971	0.751577377	0.627903819
401	-8.892216682	-0.568906188	0.774420559
402	-8.344129562	-2.147826433	-0.012844233
403	-8.868196487	-2.187674761	0.612222731
404	-8.927773476	-2.241864204	-0.534145355
405	-9.555829048	-2.186617613	-0.068902619
406	-9.448003769	-1.21549654	-1.39356792
407	-10.10504913	-1.279991388	-1.041782379
408	-10.12065601	0.638587594	-2.890737534
409	-10.8502512	0.505599618	-2.778374672
410	-9.134505272	-0.905305386	0.643425047
411	-9.867950439	-0.927406788	0.01169207
412	-10.33166885	-0.237487853	-1.098185182
413	-10.44946671	2.851712942	-3.130725861
414	-11.05716801	2.644242764	-3.065541744
415	-9.641060829	4.065540791	-1.503421545
416	-10.16603851	4.068135738	-1.067351937
417	-10.36381817	3.902014256	-2.31179142
418	-10.74744511	3.814901352	-2.161560297
419	-9.10389328	3.736643314	-0.666260123
420	-9.517616272	3.735573292	-0.170294747
421	-8.851753235	3.402925014	-0.042336993
422	-9.091115952	2.836732864	0.4740569
423	-9.112945557	1.456980944	0.066065505
424	-8.855579376	0.706010044	-0.129843667
425	-9.193098068	2.555985928	-0.165940926
426	-8.533679962	-1.295795679	-0.937303305
427	-8.866708755	-1.320061207	-0.959109187
428	-9.130753517	-0.471314579	-1.321250319
429	-9.563405037	0.878059387	-1.856387734
430	-9.783788681	2.639261723	-1.900786757
431	-9.032473564	2.545691729	-1.118490696
432	-8.797884941	1.027183294	-1.573648334
433	-8.785400391	3.069932222	-0.42055276
434	-8.713994026	-0.24102968	-1.537969232
435	-8.547725677	2.86631155	0.338387728
436	-8.331067085	-0.082017303	-1.783516645
437	-8.051734924	0.437254638	-4.298075676
438	-6.800469875	0.766705036	-7.28198576
439	-4.14186573	0.951815844	-9.70459938
440	0.001498221	1.31042707	-10.72683334
441	-8.564180374	2.480593681	-1.220411658
442	-8.732380867	3.028730869	-4.160844803
443	-7.38035059	3.265681744	-7.550076962
444	-4.426892757	3.441383839	-10.4365921
445	0.001707302	3.605967522	-11.63128185
446	-8.552300453	3.413501978	0.520263851
447	-9.112626076	6.228338718	1.63886106
448	-8.446370125	8.094463348	4.45594883
449	-6.987326622	9.068646431	7.568209648
450	-5.038713932	9.338066101	9.682919502
451	-3.219312906	9.297577858	10.55210781
452	-1.705834985	9.19974041	10.98822594
453	0.000206836	9.131727219	11.1589098
454	-10.50494766	0.97841835	-2.336708784
455	-10.62101173	2.430524826	-2.595108986
456	-10.05255699	3.390220165	-1.311202168
457	-10.47145748	3.294977665	-1.990765572
458	-9.54960537	3.195098162	-0.58928138
459	-9.969883919	1.878082991	-0.770235062
460	-9.304721832	1.305814981	-0.771600246
461	-10.57206249	2.445652485	-1.809861064
462	-10.39037037	2.294904947	-1.162717581
463	-10.6811657	1.382757187	-1.832884431
464	-9.05300045	-0.707269073	0.407605916
465	-9.728542328	-0.645245314	-0.177649483
466	-8.809740067	0.292422831	0.507104039
467	-8.918241501	-0.159266561	0.51348716
468	-8.783729553	0.214361668	0.362222999
469	-8.879019737	-0.177284718	0.397938997
470	-8.538352966	0.390653998	0.287863851
471	-8.388466835	0.181597441	-0.145204991
472	-8.703516006	-0.552880883	0.395958871
473	-9.991505623	-0.276180089	-0.781008899
474	-10.35308075	1.031094551	-1.092822909
475	-9.771871567	0.783603787	-1.129485965
476	-9.42062664	-0.707194984	-0.290762454
477	-9.663948059	-0.267066538	-0.870175958
478	-10.58132362	1.109832048	-1.392251849
479	-9.043457031	0.379941672	-0.787662566
480	-8.666766167	-0.630068541	-0.46653834
481	-8.324585915	-0.380524039	0.258211225
482	-8.263595581	-0.415452689	-0.040799633
483	-8.234902382	-0.086100519	0.030656973
484	-8.296655655	-0.030263543	0.248556584
485	-0.760480106	-6.286627293	11.87263966
486	-0.001010755	-6.307658672	11.91117191
487	-1.58764267	-6.186145782	11.45226383
488	-1.186575413	-6.250604153	11.70275497
489	-0.001121445	-4.477422714	11.91783905
490	-0.69022876	-4.544242382	11.87550545
491	-1.227727652	-4.684363842	11.69741726
492	-1.768214941	-4.750421047	11.50030327
493	-2.29434967	-4.892436981	11.26399136
494	-2.676378012	-5.209957123	10.94246197
495	-2.63314724	-5.907316685	10.87971306
496	-2.116839647	-6.166467667	11.15568733
497	-0.890110493	-7.648694038	10.05918026
498	-0.000715581	-7.761756897	10.06413555
499	-1.895828485	-7.303340912	9.598560333
500	-1.392852545	-7.482696056	9.891864777
501	0.002826502	-3.104447365	10.06473923
502	-0.827373803	-3.213685989	10.02037621
503	-1.46676898	-3.465395689	9.821613312
504	-2.10185957	-3.64580822	9.566449165
505	-2.709240675	-3.982527018	9.319757462
506	-3.193460703	-4.716907024	8.914152145
507	-3.149775028	-6.409136772	8.89591217
508	-2.507612467	-7.122005463	9.302600861
509	-2.760982275	1.992585897	10.45656872
510	-2.414718866	2.039862633	10.13296032
511	-2.61685133	2.606989384	10.38427639
512	-2.25975275	2.182431459	10.04454422
513	-3.207776546	1.895768642	10.59188175
514	-3.10907793	3.047708273	10.67262459
515	-3.719435453	1.832453966	10.67579651
516	-3.614562511	3.167782307	10.78841782
517	-4.263415337	1.867419481	10.54903221
518	-4.193348885	3.133419037	10.66181278
519	-4.697603703	2.0183146	10.38405514
520	-4.590603352	2.989706516	10.52325439
521	-4.959004402	2.715109348	10.29030132
522	-5.034544468	2.209845781	10.0928421
523	-5.226173878	2.269310951	9.93686676
524	-5.191392422	2.468417645	10.01337814
525	-2.52302289	1.805052042	8.831540108
526	-2.059834242	1.770602942	8.944850922
527	-2.382975578	2.513849974	8.817199707
528	-1.930511236	1.95321703	8.945083618
529	-3.060644865	1.69628036	8.800398827
530	-2.979300022	3.115880966	8.749014854
531	-3.678935051	1.639065981	8.799096107
532	-3.585426807	3.330386162	8.725154877
533	-4.299427032	1.711961508	8.785419464
534	-4.311664104	3.263012409	8.761965752
535	-4.757597923	1.862020493	8.800350189
536	-4.779981613	3.085441351	8.799797058
537	-5.187407494	2.714900017	8.799268723
538	-5.172255516	2.104247332	8.846323013
539	-5.317751408	2.233729839	8.903906822
540	-5.346899509	2.38123107	8.881830215
541	1.58397305	-1.605924606	12.46777153
542	2.163902998	-2.417393684	12.19217777
543	0.601868928	0.329786718	13.61353683
544	0.750427365	-0.39089185	14.09929466
545	1.781394958	-0.842237055	12.34759903
546	2.572620153	-1.604633689	12.05704975
547	2.744644642	-3.222787142	11.91679382
548	3.355149746	-2.489809513	11.67322636
549	3.41831708	-4.07249403	11.46003628
550	4.142451763	-3.485552788	11.07637215
551	3.86752224	-4.927820683	10.92317677
552	4.646952629	-4.620766163	10.29150486
553	4.662448883	-5.862881184	9.636552811
554	3.884310246	-5.801940441	10.51557922
555	3.530519724	-6.785027981	10.43867493
556	4.203269482	-7.384267807	9.295146942
557	2.87370944	-7.824986458	10.84758854
558	3.352124453	-8.685060501	9.673153877
559	1.132628083	-8.762876511	11.94805622
560	1.256982207	-9.964428902	11.43634892
561	1.031838536	-6.951826096	12.21050358
562	2.187221527	-6.480716705	11.88246632
563	2.637631893	-6.02796936	11.52786446
564	2.868925095	-5.674978733	11.44102287
565	2.872946978	-5.339673996	11.6099844
566	2.618347406	-4.895130157	11.94201851
567	2.147410154	-4.360226154	12.32012367
568	2.338498116	-5.322357178	12.18039608
569	2.568069458	-5.547377586	11.78167725
570	2.578695774	-5.69644022	11.63651371
571	2.389600277	-5.84295702	11.78151703
572	1.01373446	-6.451924324	12.69378757
573	1.986257792	-6.055260658	12.20915031
574	1.492383122	-3.749376774	12.71243382
575	1.404790282	-4.658204079	13.07625866
576	0.698390782	-4.35836935	13.50219536
577	0.732335746	-3.701829433	13.2467823
578	1.083038807	-10.60017204	10.15364742
579	3.853378057	-9.144560814	7.65831089
580	4.940662861	-7.644290924	7.711393833
581	5.601285458	-5.629878998	8.450667381
582	5.636165142	-4.095124245	9.321959496
583	5.268588066	-2.405303955	10.36656666
584	4.018921375	-1.565990448	11.3722477
585	3.061402798	-0.862567306	11.76513577
586	2.094783068	-0.115445733	11.98289967
587	0.616430938	1.114407063	13.01041126
588	1.938882351	-4.985970497	12.61656284
589	1.249725819	-2.651823521	12.60304642
590	1.006982446	-2.790505886	12.82290173
591	1.263266921	-2.562213421	12.91729641
592	0.760721624	-2.599713087	13.06370354
593	1.344525814	-1.043299437	12.97617149
594	1.282932878	-0.374497443	12.58126545
595	1.441072226	0.344520748	12.20956802
596	0.901863754	-1.905489087	14.15682888
597	0.544285536	-2.068966389	14.22064781
598	0.536426544	-3.059162617	13.27404976
599	0.442401439	-2.329948425	13.73683357
600	1.017055154	0.76487273	12.62691975
601	0.931540966	-0.003415167	13.08459854
602	0.980072498	-0.637140513	13.48891258
603	1.240796804	-2.150519848	13.66057968
604	0.987906873	-7.493580818	11.95186901
605	2.424713373	-7.013566971	11.51855469
606	2.99878931	-6.256593227	11.141716
607	3.300210953	-5.691508293	11.10954189
608	3.308635235	-5.132511139	11.33846188
609	2.98491621	-4.473991394	11.70346832
610	2.449901581	-3.764861107	12.06952095
611	1.917777419	-3.02344656	12.3105917
612	1.528824687	-2.253068447	12.48286247
613	1.636673808	-1.87475431	13.03620243
614	1.350552201	-1.51394093	13.73428726
615	1.043448687	-1.353440762	14.24005604
616	0.692917764	-1.498321414	14.72490311
617	0.626147032	-0.819398165	14.70508766
618	0.645480871	-1.782660007	13.53499603
619	0.445759058	-1.596995831	13.88882256
620	0.834527254	-1.945214272	13.04120827
621	1.068329334	-1.964118004	13.10014343
622	0.697025597	-1.524333715	13.93655491
623	0.926707506	-1.777088761	13.5963192
624	0.783462226	-5.322480202	12.59950447
625	1.658639669	-5.465934753	12.13816166
626	0.669722021	-5.299973011	12.77437115
627	1.214673996	-5.4153862	12.58402061
628	1.691280961	-5.522201538	12.28930187
629	2.083345175	-5.590337753	11.91894531
630	2.379244328	-5.614824295	11.58511734
631	2.371852875	-5.684731483	11.5323534
632	2.064023733	-5.581581116	11.80575848
633	2.436274529	-10.04290867	9.070176125
634	2.376169682	-9.452278137	10.60843563
635	2.092532396	-8.483801842	11.36881542
636	1.798453569	-7.419455051	11.74762154
637	1.667199492	-6.830645084	12.10533428
638	1.551688433	-6.300562382	12.49206257
639	1.277496696	-5.400700569	12.40001678
640	0.9997015	-5.950584412	12.84495354
641	1.475533605	-5.861995697	12.58951855
642	1.854007602	-5.74679184	12.28199673
643	2.23955369	-5.682542801	11.88148308
644	2.419978619	-5.690008163	11.6889801
645	2.404678583	-5.667525768	11.78637505
646	2.180198908	-5.584470749	12.18267059
647	1.846665263	-5.371712685	12.62647724
648	1.350576758	-5.13171196	13.01849174
649	0.712067127	-4.860090733	13.34377289
650	0.760623217	-10.32489777	6.278227329
651	0.8527174	-10.36827469	8.113715172
652	5.422951221	-7.918298721	5.595023632
653	5.907515526	-6.936846256	6.184030533
654	7.10312891	-5.833868504	4.497297764
655	6.84041214	-6.568973541	3.739008904
656	7.741773605	-4.749486446	1.916189075
657	7.848146915	-4.525178909	3.1478374
658	8.241711617	-2.193849325	2.430405855
659	8.075258255	-2.879881859	3.748687983
660	8.238120079	-1.911822915	1.229147673
661	7.348516464	-4.965565681	1.122836113
662	6.381196022	-7.001242638	3.12413764
663	4.843451977	-8.378314018	4.891489983
664	3.317502975	-9.45023632	6.604529381
665	2.043041706	-10.15774345	7.641006947
666	1.7488029	-10.14691925	6.145005226
667	7.960373878	-2.181045532	0.437873542
668	6.91977644	-5.134835243	0.287568688
669	6.077388287	-7.324777603	2.228999138
670	4.502748013	-8.670757294	4.0152421
671	2.877005577	-9.738265038	5.488969803
672	7.39616251	-4.050650597	5.354149342
673	6.446969509	-5.052814484	7.045912266
674	8.629360199	3.064828396	1.558192611
675	8.560461998	3.00751543	3.496486664
676	8.661239624	0.062002629	1.677811742
677	8.434619904	-0.274039894	2.796937943
678	8.156726837	-1.08483243	4.243091583
679	7.512473106	-2.168414831	5.994024277
680	6.630198956	-3.249770641	7.846152782
681	5.174193382	2.449908018	10.22391129
682	5.152400017	2.364590406	10.13387108
683	5.513950825	2.21524477	9.96159935
684	5.633324146	2.48489809	9.947505951
685	5.315090179	1.864627838	10.27252865
686	5.059556007	2.210238934	10.39794064
687	5.213525772	2.806010246	10.40384388
688	4.942642212	2.614700794	10.52431202
689	2.281283617	2.047524691	10.48949337
690	2.252000093	2.203684092	10.42978191
691	1.873439908	2.269962788	10.56449127
692	1.964021325	1.941988111	10.70937347
693	2.428723097	1.674400806	10.89257717
694	2.69002533	2.040009975	10.83526421
695	3.073419094	1.452012181	11.02469254
696	3.193136454	1.886409044	11.01494026
697	3.732504368	1.266274214	11.00712967
698	3.73293519	1.774686098	11.07220364
699	4.911784649	1.457546592	10.62112808
700	4.776742458	1.973276258	10.74030495
701	2.61824894	2.492794037	10.78820896
702	2.409672022	2.810314894	10.80727196
703	3.155600309	2.78571701	11.05623913
704	3.046619415	3.195479631	11.11868
705	3.641898632	2.885178089	11.16341114
706	3.634568453	3.340065241	11.21269417
707	4.562200546	2.78813982	10.87100506
708	4.766005516	3.134870529	10.93320084
709	4.306395531	3.324039936	11.11999702
710	4.215015411	2.879680395	11.07750416
711	4.313959599	1.818261027	10.98565578
712	4.377754211	1.262191057	10.88417721
713	4.258405685	3.158976316	11.10678673
714	4.683689117	3.024069786	10.90431118
715	5.099109173	2.743421078	10.47108173
716	5.387763977	2.481380939	10.133564
717	5.315311432	2.287242889	10.08527851
718	5.169852257	2.034069777	10.38342762
719	4.858702183	1.741159081	10.72639561
720	4.358112812	1.559061527	10.98374939
721	3.738506556	1.548988819	11.06134319
722	3.157309771	1.680488586	11.05813217
723	2.61435008	1.866214514	10.90551567
724	2.15803647	2.001403809	10.58075142
725	2.107967615	2.208025455	10.57600403
726	2.49556756	2.679233313	10.80954742
727	3.07672739	3.057657957	11.11106777
728	3.632404089	3.176084042	11.19696331
729	1.016231179	2.566698313	11.43743134
730	1.099113584	1.70827198	11.84051514
731	1.727771759	3.572809696	11.64953804
732	2.626562834	4.169281483	11.79841614
733	3.6857934	4.542823792	11.71638298
734	4.795399666	4.698909283	11.34450054
735	5.885820389	4.394979	10.51851845
736	6.623409748	3.824174643	9.505347252
737	7.118686676	2.932037115	8.248670578
738	7.327780247	1.381994247	7.831787586
739	6.519915104	-0.012528718	9.35560894
740	5.444757462	-0.643646479	10.47916222
741	4.341017246	-0.51176548	11.13276291
742	3.404923439	-0.156499565	11.44088745
743	2.395663261	0.464779288	11.59613609
744	6.221113205	1.993385196	9.389676094
745	5.895266056	1.285423517	9.981536865
746	5.225861549	0.748908639	10.6271553
747	4.440453529	0.581766486	10.99808979
748	3.649327278	0.678005576	11.14338875
749	2.781885862	1.041154981	11.12620735
750	1.97816503	1.426885486	11.07783604
751	1.46340692	1.832306266	10.89238167
752	1.368680716	2.424867392	10.79391575
753	2.069287539	3.205060244	11.20810604
754	2.874324083	3.662935972	11.46783352
755	3.676975012	3.892704248	11.52337646
756	4.594386578	3.989398003	11.352705
757	5.377187252	3.691653967	10.90048599
758	5.969502449	3.160206079	10.15958786
759	6.322309017	2.572601557	9.448613167
760	6.71096611	-1.580626249	8.687373161
761	7.665102482	-0.442338109	6.712956905
762	8.197201729	2.404783249	5.37224102
763	7.947829723	3.768866301	6.472894669
764	8.237985611	0.591827154	4.704115868
765	8.678322792	1.604395509	1.735013843
766	8.47095108	1.183281064	3.034884691
767	8.500504494	4.793205261	4.646310806
768	8.950362206	5.699055672	2.842431307
769	1.67063117	0.98519516	11.70221329
770	0.709410548	1.916467667	12.35083294
771	0.7314502	2.706979513	11.85871792
772	0.980306149	3.907450676	11.94014835
773	7.211248398	4.815097332	8.323226929
774	6.321766853	5.45800972	9.886232376
775	4.883029938	5.699203014	11.0502615
776	3.476281643	5.640143871	11.63657475
777	1.587687373	4.976778507	11.99487877
778	0.933754861	-17.81041336	1.499453068
779	3.418538332	-17.12340927	0.72663939
780	5.292472363	-15.8902359	-0.869204342
781	1.975041032	-17.52672768	1.360081911
782	6.421782494	-14.04772568	-2.898399591
783	6.436171532	-12.79410934	-4.735990524
784	6.390161514	-9.200581551	-1.97223103
785	6.217534065	-10.57784843	-0.147566378
786	4.762229919	-12.29927635	1.487031221
787	2.90855217	-13.54545116	2.794035196
788	1.799990892	-14.09591198	3.538487673
789	0.895886421	-14.47379494	3.884922981
790	1.583935976	6.379627705	11.78076744
791	1.657446623	13.48781395	8.416600227
792	7.631108284	5.943312168	6.856004715
793	6.602440834	6.634718895	9.14652729
794	4.909128189	6.920569897	10.57679081
795	3.253868341	6.878225327	11.29958534
796	1.679830551	8.133302689	11.33552265
797	3.208411694	8.311280251	10.873909
798	4.993203163	8.369133949	10.04080486
799	6.855306149	8.108016968	8.163760185
800	8.150601387	7.273437977	5.356400013
801	8.065713882	-1.344105959	-1.254504204
802	7.052396297	-3.647013664	-1.615169406
803	9.149075508	6.749246597	0.377264559
804	8.580485344	3.596829414	-0.658130527
805	8.996790886	7.570505142	-2.647243738
806	8.866913795	4.309402943	-3.981514692
807	8.398350716	1.078260899	-1.754786611
808	8.347715378	1.525817871	-4.283969402
809	7.64713335	-0.869614363	-4.248954296
810	6.825185776	-2.78521657	-4.178751945
811	6.60336256	-7.276700974	-0.713610947
812	5.984765053	-8.850234985	1.054552674
813	4.400273323	-10.38653851	2.584412813
814	2.74730134	-11.55451584	3.984445572
815	1.725594759	-12.08153629	4.761674404
816	0.820481896	-12.40876198	5.049616337
817	6.261798382	-5.757455349	-2.699747801
818	5.977312088	-4.462516785	-4.386837006
819	5.777590275	-7.840864182	-4.193572044
820	5.182249546	-6.563254833	-5.392505646
821	0.948673368	-16.36675644	2.681733847
822	1.912181497	-16.00511932	2.386068344
823	3.242836237	-15.56595039	1.727523923
824	5.261774063	-14.41996288	0.297370911
825	6.394416332	-12.64357281	-1.699134111
826	6.437229156	-11.25794125	-3.535408735
827	5.859513283	-9.787865639	-5.772775173
828	5.041722775	-9.03213501	-7.256293297
829	6.059001446	-11.6132679	-7.100835323
830	5.221630573	-11.08239937	-8.70891571
831	8.643061638	8.961338997	3.515365601
832	1.705449224	10.36709118	10.45678997
833	3.203086138	10.4685564	9.993502617
834	5.008368015	10.45950508	9.148384094
835	7.067732811	10.15193367	6.889556885
836	8.575651169	11.01904392	1.208067417
837	6.905362129	12.42582893	5.266901016
838	4.768822193	13.04452324	7.322821617
839	3.209272623	13.34525681	8.014979362
840	3.681574821	-10.98528671	-9.622195244
841	3.804084063	-8.629039764	-8.197392464
842	4.23749733	-6.063869476	-6.594661236
843	4.978075504	-3.831594944	-5.908715248
844	5.513422012	-2.232664108	-6.308195114
845	6.318496227	-0.475434452	-6.94288063
846	7.097889423	1.872597694	-7.463530064
847	7.537378788	4.882507324	-7.438895226
848	7.675777912	8.001459122	-6.452351093
849	4.494556904	8.368987083	-9.984951973
850	4.476219177	5.219497204	-10.51255035
851	4.279916286	2.093621016	-10.11497593
852	3.924539566	-0.279636145	-9.041847229
853	3.32768631	-2.071474791	-7.793029785
854	2.921158552	-3.80442667	-7.138777256
855	2.430456877	-5.873839855	-7.436767101
856	2.065782309	-8.399234772	-8.644113541
857	1.739799976	-10.88720322	-9.995676041
858	1.741054535	15.55563927	5.604973316
859	7.501908302	11.59897327	-4.442268372
860	4.40335989	12.10895824	-8.269120216
861	6.222244263	14.54687214	2.921488523
862	4.519634247	15.01285267	4.682703495
863	3.280975103	15.29891205	5.268549442
864	7.295532227	13.84305477	1.07173419
865	6.485453129	14.51017094	-2.45144558
866	3.968717337	15.02395821	-5.654669285
867	3.883215189	16.16404152	2.009685278
868	5.341459274	15.73783493	-0.338617474
869	3.421699047	16.45602989	-2.862203836
870	3.155059099	16.67741013	-0.338285446
871	3.071795464	16.05111313	3.521613359
872	1.802499771	16.26848412	3.761073112
873	4.253867149	1.913073182	10.83888054
874	3.724178314	1.867346048	10.92558765
875	4.659706116	2.054682732	10.63310814
876	2.80030942	2.050292015	10.6819706
877	2.519943714	2.102599382	10.3397913
878	3.235616922	1.956291437	10.85778427
879	2.439054012	2.245537281	10.26559258
880	2.697281599	2.518203735	10.65262699
881	3.17188406	2.780354738	10.97183132
882	3.631998062	2.893172741	11.08971691
883	4.18075037	2.877306938	10.95430565
884	4.512328625	2.776480675	10.7696867
885	4.841114998	2.608539104	10.47742844
886	5.016079903	2.474714994	10.18488693
887	5.000041962	2.403184414	10.09987545
888	4.943429947	2.275411129	10.29695511
889	8.593263626	2.626679897	0.876009524
890	8.9343853	1.80468297	0.920802116
891	8.810745239	0.744062662	0.627793133
892	8.897955894	-0.56670475	0.785723269
893	8.345956802	-2.136425734	-0.011110089
894	8.864761353	-2.191365004	0.616318286
895	8.928407669	-2.236452579	-0.529275
896	9.565270424	-2.198338032	-0.063085236
897	9.45893383	-1.216849089	-1.389865875
898	10.09440613	-1.272821188	-1.036616921
899	10.12805557	0.628920674	-2.912666559
900	10.78763294	0.539495349	-2.769285679
901	9.138658524	-0.90439564	0.655428767
902	9.862128258	-0.937246084	0.009404476
903	10.32036018	-0.238988087	-1.10692966
904	10.42257786	2.844026089	-3.111379862
905	11.08500767	2.652544498	-3.084432602
906	9.631093979	4.033169746	-1.517553091
907	10.18096542	4.054065704	-1.059296131
908	10.28952694	3.879470348	-2.332109213
909	10.80797577	3.831480026	-2.133813858
910	9.098355293	3.72935009	-0.678841949
911	9.545075417	3.709929943	-0.170171753
912	8.850408554	3.404966593	-0.047084369
913	9.104540825	2.838774443	0.478755057
914	9.113654137	1.450253129	0.062609516
915	8.839794159	0.7097736	-0.136386678
916	9.208282471	2.547376871	-0.154195488
917	8.528546333	-1.296558142	-0.939947605
918	8.865056992	-1.319015741	-0.953242719
919	9.135411263	-0.470846891	-1.313206792
920	9.561974525	0.883089662	-1.867137074
921	9.81098938	2.633911848	-1.887405515
922	9.035261154	2.546355724	-1.112329006
923	8.79460907	1.026458025	-1.572283149
924	8.775914192	3.015645027	-0.41627273
925	8.706142426	-0.238803715	-1.52924943
926	8.537942886	2.875277519	0.326728374
927	8.33144474	-0.082619905	-1.787341595
928	8.055985451	0.435778618	-4.300720215
929	6.795176506	0.769066691	-7.280079842
930	4.139339924	0.955075026	-9.69762516
931	8.586659431	2.487038136	-1.230226159
932	8.730937958	3.027341127	-4.160242558
933	7.378550529	3.266862154	-7.551552773
934	4.42897892	3.443941832	-10.43773556
935	8.556895256	3.410943985	0.516389728
936	9.107923508	6.227576256	1.638873458
937	8.446267128	8.09440136	4.456329823
938	6.987863541	9.068412781	7.568468094
939	5.038143635	9.337820053	9.680840492
940	3.216811657	9.294822693	10.544137
941	1.705350876	9.199900627	10.98807907
942	10.52907372	0.97428596	-2.351172447
943	10.64002228	2.423440456	-2.576869726
944	10.09468842	3.37904048	-1.289949536
945	10.4498682	3.272482872	-2.01712203
946	9.5738554	3.181803226	-0.575383604
947	9.973913193	1.893087387	-0.740742266
948	9.302934647	1.294032693	-0.777528346
949	10.61427975	2.470447063	-1.825001001
950	10.37068844	2.320683241	-1.158277631
951	10.66079521	1.385585666	-1.849291325
952	9.045026779	-0.711241543	0.400374174
953	9.731440544	-0.627067685	-0.176985338
954	8.807571411	0.289888948	0.500930011
955	8.900084496	-0.155859977	0.532747269
956	8.770208359	0.213943452	0.359664828
957	8.86157608	-0.183225155	0.378334582
958	8.535839081	0.388759762	0.289610297
959	8.401695251	0.177612454	-0.14318797
960	8.702207565	-0.551835179	0.393425316
961	10.00625992	-0.276807249	-0.764589846
962	10.35578156	1.037489891	-1.109057426
963	9.770330429	0.781709969	-1.129190683
964	9.417990685	-0.705289006	-0.293628097
965	9.667646408	-0.266894281	-0.868515611
966	10.5700655	1.111516953	-1.398106217
967	9.029431343	0.385697365	-0.778389216
968	8.673304558	-0.632344008	-0.46310693
969	8.318272591	-0.379859865	0.253906608
970	8.270565033	-0.40997994	-0.035781678
971	8.243458748	-0.091942728	0.0370524
972	8.293010712	-0.033362985	0.244608611
973	0.757573068	-6.289566994	11.8734026
974	1.587428927	-6.186477661	11.45174694
975	1.185242653	-6.250801086	11.70280457
976	0.68999058	-4.543443203	11.87568951
977	1.22836256	-4.683846951	11.6974659
978	1.769391179	-4.75187254	11.5017662
979	2.294849396	-4.894638062	11.26477909
980	2.675819874	-5.212810993	10.94233894
981	2.632823229	-5.908694267	10.87817478
982	2.116908789	-6.167512894	11.15529442
983	0.889392614	-7.652039528	10.05895901
984	1.89711535	-7.302220821	9.597933769
985	1.393438339	-7.484061241	9.890192986
986	0.831846178	-3.214743853	10.02307034
987	1.468154192	-3.467756748	9.825992584
988	2.100465298	-3.647075176	9.569437027
989	2.707575798	-3.984285831	9.321491241
990	3.192287683	-4.717521191	8.915639877
991	3.146019459	-6.406001091	8.9037714
992	2.507804871	-7.120307922	9.301887512
993	2.761641741	1.991146803	10.45521641
994	2.413484573	2.035803795	10.13332939
995	2.615186691	2.608748198	10.38485432
996	2.258579969	2.179491997	10.04733562
997	3.207870483	1.892767906	10.59156132
998	3.109024286	3.047019482	10.67205811
999	3.719320297	1.831433296	10.67503452
1000	3.61455822	3.167130709	10.78811169
1001	4.263448238	1.866952419	10.54905796
1002	4.193344116	3.133296251	10.6617403
1003	4.697574615	2.018597841	10.38396835
1004	4.59090662	2.989952564	10.52354908
1005	4.960082054	2.715477943	10.29123497
1006	5.019731998	2.225342274	10.08988953
1007	5.154072762	2.357518673	9.901286125
1008	5.17825222	2.461579323	10.00189018
1009	2.522797346	1.80421567	8.830286026
1010	2.058144808	1.770590425	8.942857742
1011	2.383647442	2.513677597	8.817728043
1012	1.929436803	1.952995539	8.944259644
1013	3.060849428	1.69580102	8.799870491
1014	2.97923398	3.11530304	8.749580383
1015	3.678893566	1.639041424	8.799035072
1016	3.585274458	3.330312252	8.725179672
1017	4.299360752	1.711875439	8.785382271
1018	4.311598301	3.262988091	8.761965752
1019	4.757593632	1.861983657	8.800387383
1020	4.780002117	3.085379601	8.799870491
1021	5.187562943	2.714666367	8.799304962
1022	5.173283577	2.107531071	8.850431442
1023	5.316221714	2.235919237	8.913328171
1024	5.340438366	2.378057957	8.889061928
